1766
6397
4926
4054
1768
872
628
63
5952
2467
5569
3178
2449
2444
2458
5383
4988
5040
5911
339
6502
4503
1168
137
3132
1959
1176
1519
5350
5589
6214
1197
1023
5626
407
6603
3315
2796
3626
6402
6775
3690
1924
2748
2812
4655
3301
6106
1099
6510
950
1650
3096
1323
2717
2832
2355
5706
1962
5850
366
1847
3085
4524
4447
403
4665
4154
4216
5273
1760
3558
4357
552
306
6611
2886
5123
6505
6146
6718
6999
5322
5478
6310
1985
4493
367
555
5696
4625
3876
6926
6247
3782
4406
3342
5582
3433
5268
2153
3305
130
5917
4473
3243
4934
3030
5505
6060
6240
6565
5139
5991
3549
2549
2083
5743
3605
1297
5525
6051
1697
5335
4184
6995
39
368
6489
2482
2463
156
2922
176
4952
4750
3357
783
3753
4467
2089
6178
2138
340
5172
797
3466
6396
2769
4932
4349
6275
886
695
5648
5506
2455
1349
4372
721
6417
6701
64
2588
808
1268
4256
1109
4331
3078
4865
1425
2558
6398
948
5734
1830
4580
5815
3221
486
6265
4718
1083
1923
5098
6450
545
2573
1456
5219
1239
4915
4392
1044
5667
5117
5092
6466
3874
4964
1430
1820
4911
1271
4476
6661
1780
928
3298
1062
642
1814
3445
676
2631
1945
3707
5332
758
1934
5456
3266
4528
2286
1840
93
1224
6576
700
2626
490
6424
5355
5652
4652
6304
2913
4029
3943
2986
6747
697
6344
6200
1610
2778
692
1668
285
3902
475
4917
2067
5495
3810
970
2987
4279
910
1474
4822
876
6044
6994
4521
5503
5705
3162
707
5029
2357
6367
2338
6306
4350
2730
1152
3245
5409
4132
3404
590
3560
3501
3158
6697
3345
6478
3081
3072
4940
4414
6157
1080
3268
1711
650
925
1707
5400
5755
2758
3074
5700
1048
1413
1487
6003
1823
6535
5084
2676
6496
514
2297
5524
1087
5933
6854
16
4397
4140
4535
564
4947
2742
3650
6472
493
4283
272
1873
1188
6766
5174
6358
5637
3408
2503
5512
800
3504
6567
27
6369
6491
1599
6559
3986
2468
2160
6732
3200
6713
3670
1221
2318
6780
49
1536
2192
5435
1857
2257
6298
1944
2045
2072
782
445
5826
3192
5762
5169
1532
6111
4422
2797
1756
3661
6031
6045
6102
4160
2739
4238
2826
3583
5995
637
6168
1410
6769
32
356
3027
428
38
1353
1743
4293
2282
3754
2059
3864
850
2260
4656
1433
5716
223
6141
2056
6054
4214
3121
3337
1769
5958
5028
4551
4001
2618
1739
2925
3809
5854
2232
5728
3526
2927
5212
6864
3222
2727
5650
1691
6702
5208
512
3356
5698
2706
341
672
2351
5287
1684
3847
4840
542
5006
460
792
966
4686
6349
6255
4593
841
397
4700
5255
688
4943
4405
1483
523
6758
103
506
3532
25
5968
4795
6011
2917
857
1125
3770
6781
1905
3398
4790
3903
3684
4996
5446
5903
3220
5442
4743
3059
4099
6416
1378
3436
3493
4415
3600
2158
5625
6833
5326
6461
3890
1189
6703
5372
4789
680
4472
761
934
5730
3321
726
3264
5516
1350
5969
3957
2129
145
3006
2108
6037
6606
5576
2009
6050
3289
3900
6350
6015
202
6163
2389
1568
1277
1360
4157
2162
6676
1804
5329
5871
278
1802
4803
3224
3412
4185
6354
2752
1778
5248
24
6544
480
2215
4228
1496
5437
854
1442
3822
2699
647
3704
3254
2326
3695
5724
5331
3143
3437
1894
1036
3954
6116
2602
3275
5431
3213
5616
1252
6519
1777
3715
4899
6221
6454
752
1803
2276
5205
3772
1712
2646
1438
5101
1077
6452
1841
2104
5924
3317
1292
4034
1230
833
769
5292
2414
2773
2824
3759
6009
3070
2859
2527
2344
6662
4626
979
5941
3855
4434
509
446
5868
3520
4867
4189
5102
2193
233
7017
3190
6725
5374
5451
5445
6503
3008
4074
6763
2201
2347
5713
3500
6134
1267
6497
2940
5154
5464
5240
828
66
312
4914
3937
3262
855
5530
3539
2872
1834
608
3603
3792
5334
2299
3467
1296
1562
3814
1366
1617
1026
947
5377
3330
3246
4174
3241
5193
1240
3138
6969
6443
5199
1320
5564
4585
4389
5239
384
6776
4247
3836
6936
4404
3870
5280
3656
5068
471
4831
2885
747
6903
6653
1502
3922
959
3664
6198
370
2582
2891
4177
4908
5621
5345
4182
1151
6036
4572
5348
6727
1034
5812
5756
2630
3335
4812
4235
3126
4975
2434
3787
749
1098
1184
1225
3483
154
6861
5548
4653
6506
5430
5046
6678
4138
4295
639
3258
6575
5467
396
3212
842
4557
5306
6172
4124
3808
902
246
1672
1014
5513
3515
1486
5806
1575
3107
2899
2133
3396
2392
656
1249
2772
763
1420
6983
3831
3372
662
571
1383
1432
4019
459
5880
6199
2150
7003
6814
5985
6806
6832
4258
3613
2852
5150
3766
1105
3350
3152
380
1126
5964
6686
911
5935
831
6258
1275
1514
3732
3918
4863
3287
538
5594
1392
5266
1621
3497
299
2837
6765
6273
3438
3106
1186
6897
1258
589
53
6549
5183
100
3351
6486
7008
760
3042
4025
2261
2788
4125
5750
5547
1068
3724
3101
294
4681
1786
1714
4128
5096
448
6614
4339
5926
5394
4703
2367
5906
2910
5020
286
3428
1257
6824
3363
5653
2522
3267
4766
2642
3840
1158
6644
5485
4340
1088
1402
4188
1455
912
3935
4935
2815
6649
4522
5989
3773
2317
2521
6935
110
554
652
6254
5997
4800
5752
2695
1171
549
195
433
293
3184
3053
4506
1977
6302
5614
230
2445
213
641
6913
4641
2964
310
4680
2951
5104
1041
6441
5001
1144
3290
1000
5336
2944
4965
5657
2701
1689
1632
4682
5658
3444
2316
2766
6634
6148
5310
6746
4733
4598
3293
4312
4888
4688
4856
5330
5776
242
678
6846
6206
2243
22
1248
1682
3711
535
4808
5220
3595
2010
6139
6470
1457
3288
2251
3562
33
3311
4491
364
3284
2884
457
5164
1822
1685
4660
3109
5085
5405
5891
814
2710
1110
5195
3662
4754
3228
3602
1701
3633
3785
1222
5386
1294
104
2654
2662
2858
6384
6949
408
1967
4632
2049
539
804
5504
2123
4239
916
2645
2322
5365
3294
5228
5223
55
4784
3135
1025
3273
1459
2593
5110
1145
5186
2364
6951
3306
5024
3026
2564
1180
2242
6197
2783
3616
4807
1794
5398
6944
1497
5232
2702
5874
1004
2307
1129
6166
4762
4485
2620
2066
2417
5674
5182
505
4159
2988
1879
1027
4715
1484
5711
658
6301
3981
1510
4713
1744
4878
1885
1177
3859
1194
1045
1059
1715
1627
3941
3292
573
4262
5176
2421
4624
5269
1935
2200
1537
331
1631
4354
6300
1312
1159
2898
5691
5200
5660
6998
3758
1213
4051
28
991
4879
6873
2029
1982
4796
1055
1946
1754
5719
3936
2744
6343
5822
5339
126
2159
2543
1169
4729
2981
6953
3843
5360
746
5087
2061
4769
2345
2876
3945
1082
5384
6226
4605
6698
5317
4211
6971
4346
757
2080
6799
2814
6460
2836
2303
6202
4794
5612
3597
4002
4725
2848
5045
1233
1332
4382
3102
2018
261
4858
6090
685
5940
240
6092
3701
5849
4370
6908
6730
3883
3001
5769
2024
1247
5449
6066
6700
5159
2677
401
3744
207
6789
3791
5747
3860
42
211
1040
5916
7014
4126
5209
3653
2756
5714
2635
5291
895
2930
6557
3846
3164
201
5853
5773
5884
1231
1074
1064
6085
2823
392
6917
4086
3012
3122
108
5794
249
6004
1369
4538
1968
6667
2268
2275
5297
516
983
5609
2478
6167
887
150
4984
511
6448
5566
3422
3159
4672
4959
4082
3173
1875
941
1494
4150
4317
4631
5236
815
3825
4782
5707
338
3196
4044
5207
5067
4039
1762
6579
4043
323
1763
402
3817
2432
5425
20
1361
1529
2398
1746
5119
6609
5957
2490
2609
399
5918
4464
3308
235
4466
5100
140
3153
4393
4591
6708
4923
2948
1262
1811
6620
6225
3741
1584
6287
4951
7007
1521
3161
6881
3524
1107
4285
4417
4180
3353
2737
221
3821
4022
6459
6859
2509
5771
5233
3431
2686
6034
494
1706
1737
3405
6328
2807
1916
234
5574
625
4690
6228
1281
288
484
5
6068
4348
6586
5396
4385
6147
4500
5032
3657
3118
2253
325
3713
2660
779
1043
2724
5033
576
47
2732
1046
5533
82
5311
5289
1212
2305
2515
2675
1308
1850
4058
600
6805
5999
5789
5562
3087
3490
3705
5018
1291
5610
5153
276
1703
5041
5876
6093
4687
1506
6129
5679
449
5900
4780
6525
2919
4203
1998
6453
4338
5284
4526
2274
3563
3769
5710
629
2943
4263
1280
2868
3642
2296
2074
4810
1479
3119
2816
14
56
3303
607
5998
1884
1883
377
6341
3906
3489
4850
2313
5222
2502
3479
5644
5473
40
4736
6682
4877
1352
1480
1342
4505
1535
1854
2206
3565
1354
6145
3956
6538
5367
78
1513
5340
52
2912
5171
5593
1619
5224
451
3913
2403
2437
2935
4027
3629
5305
4880
2707
485
4251
2650
2729
2383
1606
4760
6120
1498
2205
5661
2845
547
4933
3798
4103
2343
2280
5136
5878
4997
6094
5858
1732
2221
2380
3217
3227
807
584
3885
2867
766
878
4518
404
4691
2790
5177
593
6071
4869
1525
1133
1887
2041
2228
592
1810
5135
574
5304
5144
3921
2236
2310
5718
5834
6791
5528
3589
440
2998
5259
3634
1523
4979
4568
6598
3899
558
4995
10
265
2466
2114
2273
5951
2379
6257
1675
6745
3625
4677
2019
4504
4674
2666
6685
1351
2894
2097
405
1250
1909
3944
4252
1611
3381
5764
5529
891
6955
1548
431
4365
6442
4751
5532
314
6169
2931
3297
3641
6271
840
6522
1669
3995
4617
5073
3484
6072
5299
4793
5404
4946
2644
6362
3105
5907
1195
4196
617
2284
6743
6410
6872
412
455
6530
898
6481
473
1243
106
1341
6919
579
6851
4004
1429
6840
5424
4894
2715
6303
6419
3100
3871
7005
773
6956
6719
4941
4931
4871
5211
3735
420
5163
114
386
846
2499
2309
6680
6412
4874
6415
2493
4190
5577
3518
1538
3777
171
1975
5636
636
4371
6288
465
1620
335
2217
1553
5225
5829
6309
1932
2507
2999
3887
3214
906
881
2491
6984
3278
5571
5515
3032
5832
134
5692
4600
382
1147
2817
2680
3371
2145
1546
3379
1449
2571
3415
327
5703
3423
4898
122
2523
565
266
2048
5315
3866
3869
6543
1003
3447
1608
17
6312
3487
5483
3778
4226
5283
5980
5320
4586
813
98
2633
4633
756
5343
3608
5915
1346
790
4765
2584
229
6966
1829
973
4072
147
3502
2671
1908
5440
5373
5463
4212
400
466
1729
2271
1624
4664
2366
6738
4055
5555
1217
873
802
4783
1193
2617
2882
669
1101
2001
6217
536
2485
5551
4845
4552
1223
1585
2798
1408
2655
3206
279
2135
6468
2013
2447
4469
5801
2627
6059
1001
1936
5312
3578
3452
1667
48
5938
723
1693
4602
1674
289
1301
3451
3007
438
3867
4342
2893
2241
1613
2323
4307
2005
6209
2157
6368
679
334
6212
1664
2861
3621
1698
953
6714
681
4205
5552
4614
3635
3806
5498
3767
4579
2839
569
622
5347
6492
2390
3669
227
5468
2451
6379
6829
2540
5167
3429
4594
2561
1391
1471
1629
6591
6151
439
6480
2531
1590
1582
2804
5539
1058
3689
4779
5987
5127
4611
3406
4825
5391
4542
1211
610
168
4502
4402
4118
5587
3598
6235
1774
5602
1106
3147
938
3779
6804
2168
5779
6381
3881
308
5005
6905
5416
5324
1326
4373
3186
5281
4215
215
6364
1973
3594
4282
6777
1142
3140
4589
2266
1600
257
4650
5170
1489
3014
587
4297
4628
3225
5321
94
3529
5353
5038
829
6578
3963
4583
5765
4610
3680
683
1870
2500
5943
3618
3928
6721
978
1692
245
2611
5511
4837
4539
5436
5543
1475
295
6366
1740
3148
6262
1108
2174
4403
1299
3675
4821
7
4407
3248
6807
5088
6939
3390
6370
1695
6308
5460
2431
4481
3596
5942
2481
1052
3851
4562
4449
1423
2494
5784
3955
6378
5243
2368
5448
2636
6553
5550
655
1625
1382
3960
1017
3823
6601
4511
5821
6741
2933
6853
6887
4640
3559
4870
6188
1928
3972
5050
519
5680
4265
6292
3061
4809
6001
5419
2418
2278
5204
923
1986
4654
4183
5974
1926
3911
5017
1060
4254
2408
6297
6195
5553
6220
4165
107
277
1565
231
4927
1263
4604
6307
3993
4494
1505
5746
2259
4873
2723
791
262
441
5481
5944
1075
2285
6594
1356
4612
2653
1753
5923
6925
2713
4726
6733
6471
3473
2353
1065
2440
3908
6241
6709
3448
2941
4630
3824
3706
6532
794
6437
3631
2388
1006
5477
2376
1736
624
6100
6229
921
6706
3516
4618
4088
4547
3352
3204
4091
1518
6084
5364
5091
3231
3892
2733
2545
4609
524
2222
487
2377
3136
2570
730
918
1527
5389
745
124
6537
330
5928
3593
1096
3365
1476
1220
6941
5740
379
388
4277
5251
5620
6392
2810
5937
4777
5851
5736
6512
5695
4234
5438
6097
4981
665
4875
309
4306
1428
6006
461
3141
6123
5542
4761
6365
2107
517
6600
4514
2805
734
5077
4139
6408
5811
155
1555
2173
5202
5872
1501
4592
2419
3591
2850
3323
5486
1570
4197
2304
4455
6965
4714
2700
6892
2246
4315
3157
268
3018
5059
2340
5909
1567
2656
3376
2782
1322
4078
3700
5000
2
79
2781
4122
3509
1372
1390
3010
6182
677
329
6515
586
5349
6638
4179
4799
988
452
1175
2649
1405
1163
1658
8
2638
4272
5036
2281
337
6203
3063
5936
729
6091
2928
1473
3636
3519
3750
3721
3036
3714
3498
1821
6395
5296
2639
2450
3488
174
2903
97
6726
969
5093
1227
690
90
3983
634
4693
5057
1649
6070
220
6140
6319
2607
4866
2051
5188
4056
3841
4588
2225
1214
6989
284
3576
2063
5401
6407
1495
4512
4266
3002
5501
113
435
4902
1596
4176
1630
3989
1069
5686
5194
2596
5397
1793
606
5076
6175
3082
5618
754
3182
4065
4030
6837
5921
34
6352
3873
3151
6436
2625
668
4717
1388
2504
3582
1898
5066
3210
4642
6657
727
1138
2831
5893
1049
1784
2007
687
4721
1843
1587
4023
6987
4533
477
1710
4381
4314
2945
4243
1659
4704
3720
2906
5655
3965
4891
4067
1938
1235
526
6211
2932
1652
1358
5846
6705
3326
2413
1116
6027
2240
2904
6484
1333
3727
2632
4977
5019
5966
4529
2130
2960
4802
430
4857
6529
6621
3868
4613
385
5070
2961
6373
5381
2425
2801
50
1974
5256
2614
1245
1289
2182
318
5632
6664
4637
2791
2996
447
6125
1178
530
2685
1183
6245
3015
5902
6658
6434
5996
4730
5835
2768
5558
2546
5494
6180
1833
775
5741
6929
1948
6648
6923
3098
686
3083
160
1478
6267
4289
3525
1112
5337
5157
4492
5210
2203
2514
666
1993
6810
3763
458
3686
5510
2125
4193
3848
2846
3522
1716
4200
6794
2016
2673
216
3879
6521
31
2363
2469
611
6435
3393
189
1134
4036
369
2869
76
6577
3511
3089
1615
2746
5877
111
2126
3133
6651
5836
2395
2216
3418
6767
3712
6514
597
105
6253
2827
291
1530
922
5797
6760
4344
2457
821
989
1929
6761
6707
1053
5196
5462
2151
1738
3320
1443
4596
1492
4151
4558
1797
827
133
4893
5142
3495
1992
5363
1016
5592
1170
1969
1983
6665
4095
6339
2755
5079
3233
638
4361
4994
6213
1002
3044
3909
889
5965
5677
711
6176
5021
2878
175
4465
6463
6961
4076
6786
3181
70
2525
5265
2978
2219
4701
1018
5034
6795
2591
2697
4217
6801
3573
2970
3472
2536
2397
5097
1648
260
1770
914
3263
4928
353
5733
4261
302
2524
6504
4094
4227
144
3183
515
192
4838
280
4939
498
3265
6012
2518
4075
3931
4978
6394
1470
2547
5629
4597
2603
3475
4797
543
6177
2936
51
4741
2993
1015
2287
1447
4198
2871
3247
5031
5497
1958
1942
1903
5250
5246
3574
1890
909
4359
1547
3719
4615
4394
3299
3964
6635
186
3907
5559
4987
1927
6332
5014
5216
6802
3280
1828
5333
2272
5470
255
1837
1951
2929
2025
6387
1355
3992
3897
0
4425
3567
4747
3023
870
2026
4224
4836
4298
2765
6389
5599
6238
6647
1839
4133
5813
5218
2298
6740
5929
1989
3031
5053
121
4424
5879
750
1037
2435
894
3223
5111
6848
578
6613
3103
2032
2856
3533
1628
3486
6359
762
5115
391
4207
326
2453
1871
4077
5129
2548
1035
2670
626
6184
4092
5857
5697
2585
376
1033
1858
2223
4507
1412
2688
2950
378
1215
2375
5694
5094
753
5808
2622
4134
1317
4962
54
6877
2577
5668
1340
423
3679
4584
3640
483
2429
2634
1373
6078
4895
1293
4884
269
6547
2196
1912
799
5684
1671
4749
2604
3195
5229
3033
2542
4436
5699
395
1665
3893
3378
6010
4181
5689
5910
2430
6411
2513
5725
2258
1979
2720
3807
839
6449
1735
6446
1902
3668
1209
478
2443
1161
2955
6246
3973
5354
1357
3370
5155
4069
2887
6900
149
2907
3819
6115
2526
1463
4155
5852
6080
6570
4046
2293
3978
4909
5308
3456
6752
4167
6164
3789
4117
1050
5766
3697
3339
6808
3022
4811
5262
3369
1976
801
6077
6353
251
1073
3764
3505
5772
2172
4565
1216
5458
3346
5546
1651
4269
2541
5517
6823
4705
6322
5536
4774
6277
3176
5608
853
1816
731
3886
59
1882
4922
6499
6798
4049
2669
3967
2294
6865
4166
2678
4483
6629
4573
6659
748
3645
4970
4819
4496
3604
6931
41
1229
3067
3150
1561
2711
1218
5527
3401
682
913
187
6946
4353
3542
2519
1896
3898
4457
3927
733
2572
528
743
2144
6572
2094
3285
5581
2374
1384
4194
6333
1164
3639
4446
418
2410
5659
5802
2909
421
1779
4920
5214
6943
4009
3826
6584
1238
6052
6376
4236
2406
2994
1325
5120
3985
2565
1396
3124
2311
722
365
1581
3685
7004
4953
4233
1771
4084
6927
5759
949
3420
2512
6299
4651
2776
2099
2102
2532
3424
6192
5816
2187
474
5375
4658
6605
2957
5934
4781
5664
2663
6162
1381
1441
4948
2115
2209
6636
577
1558
6523
6907
2031
6076
5831
1640
5065
3380
2346
6488
5785
5869
3592
6405
5406
5912
3547
2472
5502
1076
3313
3092
2055
5731
2760
2641
5179
3402
5379
4707
1314
1957
3780
1542
3077
6089
3877
3137
6160
1118
6527
3038
6088
5263
1316
1853
2409
6016
5976
3749
765
5162
2185
236
939
4823
4300
1261
1196
3776
6455
5628
6425
1024
4698
5421
4689
3742
616
1856
5827
2477
6256
5557
4209
2226
3531
1418
1795
3585
178
2892
702
2329
6749
2295
2060
931
4804
1638
6688
4966
5237
5450
191
2648
6652
1580
6934
3312
5579
387
3361
1136
1605
3260
2829
2708
4595
6005
5253
3341
6690
6234
1141
4645
4818
1950
4852
3360
491
5526
1999
4249
6363
3300
6249
2012
704
2553
2985
119
4313
5665
479
2949
6981
58
23
6331
4399
3630
6330
6811
5226
2139
2427
6056
5563
4896
4501
1533
273
4102
1919
6038
1422
6993
4763
2901
5578
5140
429
6467
1
599
2954
1723
6787
6626
2757
6596
3175
1007
2164
3969
2874
5113
4559
241
5633
1157
4395
4147
4057
6108
1104
3644
1727
2320
9
360
2921
225
5867
3046
5704
901
2972
3844
4775
6982
3541
6734
4564
2098
2100
2116
986
561
2763
5378
2897
2321
6868
3163
3035
1334
3543
2537
1818
5580
210
4662
4351
619
982
4452
2849
960
3304
3386
5178
373
5252
3916
3862
2658
2890
3409
6845
6244
1434
2188
6790
518
1988
4142
5748
1202
5303
5439
2538
3366
1493
6476
3076
3028
4537
2786
5466
2214
2075
6451
4575
2623
6978
3440
5767
4673
5791
1395
6683
5175
3048
3698
5761
1115
2082
6237
3730
5953
4048
1038
2566
892
197
3718
6599
3403
5744
534
2077
127
3514
3123
2587
311
342
4623
2106
3238
1680
3407
1401
2716
5596
4319
2436
1965
3112
4287
1290
4621
4740
3257
5441
250
6645
2022
5285
6669
613
3538
3154
1124
1491
1460
3239
3025
4248
3914
1379
3755
3667
303
218
5889
3270
6855
2569
5955
736
3332
3166
661
630
3021
1123
5012
67
5245
5833
3134
472
6393
4459
6278
3209
3647
6717
3387
2101
165
693
1367
6548
3932
6105
3131
6694
1399
1228
199
6430
1204
3389
2743
4855
2719
1751
5213
4814
352
6346
3272
2412
1092
2911
212
2091
3108
653
3901
2120
4905
2393
4450
6942
1338
2963
5675
6058
434
4213
5575
7010
3939
1869
5390
4732
184
2563
1865
6107
2197
4847
3905
6194
1670
1113
5972
4553
2916
115
3128
6227
6501
1200
5302
4738
5180
6604
5749
6691
976
3218
4916
2682
6617
5572
209
6338
562
2361
568
6048
6879
305
6672
5231
68
1286
2021
468
3169
1427
2328
3000
997
389
2170
6086
4882
3980
5720
4606
3259
2497
75
3793
4149
6219
4956
6055
2372
3201
4991
3016
1718
2952
3658
1686
4757
5083
3327
4364
1089
6101
2036
4667
6771
5454
6432
85
3395
5848
1344
6232
2745
823
1205
3523
77
5443
3296
3671
6711
1146
3392
1499
4661
874
1172
5715
915
4577
803
3923
4431
2143
232
5267
5970
3017
5128
3654
4685
19
3751
5241
5565
5760
5300
5859
5722
2879
2580
6623
1403
671
6643
162
2749
6155
5855
5368
2334
3849
6901
1666
2247
5845
4936
1815
1406
4985
6261
3045
5956
2551
1721
5060
3088
248
5971
4231
36
553
3512
5118
3760
5828
1431
6423
3580
5403
6236
740
905
3889
6315
3682
4930
1848
1862
1801
4702
3833
4108
1042
4311
2771
5531
5908
1167
2794
6509
4842
996
4416
936
4706
6850
3802
6170
4541
3646
2199
2034
296
3638
5809
317
859
4035
2064
344
4006
6517
6677
844
2759
6136
2069
5586
1592
1127
1416
5521
995
4253
4499
89
3722
5883
5298
5896
618
5967
1569
1260
5963
609
5611
4225
4531
5295
4413
621
4708
5862
2050
4334
6957
1279
2058
5026
1618
2544
796
832
2312
375
46
6997
237
1509
3977
6187
3652
2498
1103
1889
4369
603
2411
2555
4390
5189
1329
2684
2738
3728
6756
1653
4321
527
2358
5192
2230
350
6020
4324
4444
848
5161
1307
4778
6127
3099
5913
1091
1798
5261
7009
5160
5590
3692
1595
7006
1641
274
3203
2473
2070
3450
6030
1270
795
6284
2753
5444
347
72
5823
3643
4408
6399
3614
3919
557
719
3842
4489
1636
4942
2189
1117
1980
4152
6159
2687
5647
2809
4720
2155
1386
3800
6511
1264
4954
4748
1761
1812
4590
5279
4257
732
1717
244
2709
1368
4316
5116
6838
1876
1057
521
6114
4366
3564
2332
3274
2096
3170
2691
3377
856
5080
1899
6737
3797
6681
1448
2842
1254
4768
6018
4
5595
6821
2415
6413
5414
4972
1464
735
462
3731
355
102
6483
5122
6069
6201
4276
2966
6731
4448
7016
4695
6531
6650
4325
1517
2177
3037
1540
2615
5899
5825
4011
1921
5054
4519
560
1920
3343
3464
4204
6625
6022
1646
2562
4222
5078
6563
5573
5366
5069
3185
3997
4462
3966
142
4889
2989
3688
2918
2289
1598
5639
346
6970
6494
3104
4861
4085
2131
6382
1819
6992
4844
374
1380
4963
432
5682
3167
222
4144
1526
2915
4153
4801
1893
2319
3034
3717
3282
3199
3188
4901
4488
3971
3863
4616
1614
5727
2718
1343
2167
1940
5783
4644
5670
4510
540
3219
2990
1758
3683
6884
182
5151
5475
6976
1690
84
5103
3333
2896
5993
7012
4785
830
755
819
4627
87
4892
1842
5342
4400
3463
1085
3086
2047
2179
4993
2982
4435
3232
6759
1330
3740
4173
5369
3925
4683
566
3443
2171
1825
60
1772
1838
6464
6932
1719
6541
5072
5165
675
816
5805
6518
6294
1588
2459
2767
4851
4411
3049
4582
1315
4401
6067
4949
5807
4169
2971
4005
3434
1021
3499
5894
904
116
4820
4903
5158
1139
3043
6899
2492
4961
6485
6017
2233
470
2352
2386
4517
44
4114
3261
4971
6039
200
3111
6482
6131
3530
4890
444
2484
6335
1656
5125
283
867
4191
6269
4409
3235
1313
4003
3367
2229
6796
6355
6334
1688
836
4360
6618
6153
1054
6252
3252
2693
4014
6753
2407
1273
6112
4068
4817
5061
3739
1079
2661
4232
6830
6087
1119
6126
4047
5973
4223
4066
3129
4230
2387
3694
4530
6610
1749
4428
955
882
275
3215
4032
1750
5417
5037
2908
3725
2853
5146
1321
1787
4418
601
6952
1864
896
5043
793
4824
787
1047
4826
1952
3961
5099
4240
2256
1572
4555
363
6388
2828
5914
125
537
3113
3024
6574
6445
243
5793
4175
6110
4484
5701
1563
1445
4574
1943
6230
5341
2152
812
759
1556
15
6283
1128
1573
3481
1700
148
5301
6817
5197
3244
6074
2212
6427
1094
2862
5257
2599
3193
3637
2176
2461
1504
158
2920
4543
4426
424
5016
5007
3590
6710
6663
3796
1466
1866
4603
2441
1385
5642
348
5277
4513
2583
4619
5556
5814
2134
1187
5541
6724
3462
1512
933
2039
6950
2113
1792
2354
1941
2302
6704
2210
135
5796
6974
1647
1915
6296
3314
2991
6149
4742
2895
6316
6224
489
2937
1906
713
6487
1414
709
3607
2637
3676
4087
3920
3546
930
3552
3093
5950
2325
3155
228
1764
2811
4241
5739
999
6720
3774
6130
3570
4116
1867
739
5613
3952
4885
3160
5782
1450
4835
1747
1661
6754
5669
4854
2731
3917
3354
6722
5455
2446
5166
3469
5075
604
4017
2606
5895
5627
2888
3854
3069
1601
6357
788
2705
3827
1961
1705
5433
6655
4925
3551
2248
2161
1067
2860
6744
4924
1364
5875
705
1234
4291
1276
835
4728
2111
4735
868
4172
4646
1576
6272
6768
6639
1991
3171
2704
3344
2350
3655
4419
6593
4070
3094
5882
2439
1702
4398
3990
1775
5588
6904
6534
3
3277
4634
2068
706
3482
3062
6113
4210
1155
3556
3624
2333
1219
4859
2787
146
1981
6980
5982
3830
5567
4429
4161
3816
6189
5810
3316
877
5137
2968
4684
1173
2855
2598
890
5082
6439
4497
5881
4620
5666
5671
3651
300
6082
3073
5264
2643
3477
4599
4834
5865
393
2327
4470
883
6783
6646
532
6972
2516
6564
1564
1454
5106
1009
5841
6968
4992
1019
2761
2556
6723
2612
1131
3912
4999
3174
1528
3853
6750
3168
5584
3950
1452
73
3666
3828
37
1148
5198
26
6947
3295
170
3281
5983
5429
691
5905
4318
944
5939
4335
6342
3815
3146
5624
6204
826
4303
11
6991
4671
6742
2505
1757
6867
2976
6967
6185
3835
2426
349
129
4944
3938
1987
1748
2865
1603
3319
1616
3550
3837
2035
2121
4676
5622
1081
332
3494
6507
5388
2341
2785
822
3307
3581
1477
1310
6573
4516
6095
313
5499
1583
1855
3752
3374
1522
2830
1121
5745
117
4864
1880
1696
2483
1207
3237
3414
2238
1150
1745
436
1609
2967
2028
1709
1776
3013
2550
1877
2044
767
2362
2136
5770
3537
6
2337
2840
4849
1328
6890
6380
1500
4079
5407
6062
1335
2476
1907
6585
4093
2093
177
1970
742
1198
1253
786
4064
410
6475
5185
1400
2902
5663
362
5654
3729
5479
5803
2489
6403
1832
2270
4805
2249
1072
5787
3891
1061
5143
2119
5931
4110
1612
128
6849
5988
4376
6046
3474
357
1607
5544
2698
1426
5004
3982
1374
3617
4433
3019
4033
422
851
6190
3455
1541
1461
1895
1051
4659
6874
4341
4127
4323
2833
6857
2245
5925
1409
1995
5758
3726
2487
1994
6409
5393
4021
2983
1274
6916
3880
6474
3385
5984
3416
4053
6270
4162
3324
5201
6921
4712
5247
6654
3865
4668
4475
5619
6000
1397
977
1594
4137
5732
2838
6825
6774
6699
3364
6281
5010
2373
101
2592
1824
1809
1387
4008
5962
1960
4479
2799
5726
2207
6329
6831
4286
1602
6161
6345
2122
6693
2672
5132
4374
6996
5672
4813
4881
2589
2825
1589
4038
627
6311
5864
2851
2942
1462
304
654
1552
3095
6954
3606
5278
1304
5035
172
1283
6632
5011
1759
699
4420
3803
6583
4456
6019
2779
4322
5712
5751
2065
3610
2052
774
6836
4463
3205
4532
469
5742
3703
3127
3197
2165
292
4578
6812
4967
6856
818
188
4237
281
3872
4739
1635
4976
744
6782
6024
5410
811
1458
6414
5338
456
5432
1579
62
1593
5392
1720
2076
131
504
1029
6938
3496
6290
6428
6117
4368
4080
425
6122
1319
4692
263
6143
4202
3358
5844
238
3189
546
4477
548
781
2764
6158
1165
1362
4546
4096
5230
817
6883
4955
1571
35
2800
1191
3211
5480
860
3421
226
605
824
4073
4482
2965
180
4112
2117
4299
5634
1557
3060
185
798
3234
1375
4657
1699
2291
4101
2629
3765
4745
4663
6922
193
2657
6988
664
614
764
5221
2137
1930
968
2659
414
6356
2400
3710
4275
1953
4451
2454
3976
99
3368
3009
2880
4045
2356
5685
5780
2488
4897
5640
3003
849
5866
6539
1114
2875
3996
1472
588
1162
871
3857
1008
4255
6040
5272
5638
602
2011
6973
2741
4100
4601
4347
6784
4666
6571
5774
1917
4208
4388
2339
5152
2283
359
2255
6098
6508
1781
3895
4973
3058
5107
3615
1421
152
5238
1143
3047
2980
3801
6008
5673
6193
6259
2533
6888
6637
4727
5482
301
3388
5074
4278
6526
2235
2149
6133
488
5086
4090
5108
4776
1306
2186
5817
6047
776
5008
5124
3747
6029
6619
3548
2330
984
4031
4304
1545
6340
1174
4764
6641
3051
4571
6624
1791
6673
845
2597
2306
3856
582
5203
5323
6847
1755
5206
1468
1437
5843
3052
45
1237
4786
2033
4284
698
3039
3491
1302
6032
5003
6885
6785
203
1393
520
5888
2404
3540
358
4387
694
2694
6843
1806
5518
4000
3383
559
4566
4830
5382
2600
2349
1031
2820
5489
623
2462
998
2109
2156
6282
5979
3458
3940
3748
1897
6033
3382
2227
5422
2722
321
724
1269
3373
1102
409
5961
900
437
5469
5606
2905
631
1534
5325
4647
351
4544
2751
6081
3057
1554
1520
1199
6958
6083
3255
2265
1084
2725
5892
4841
4767
2844
3180
3202
992
3648
6291
777
2802
958
5514
3609
5568
1845
6948
4759
5631
903
1910
2475
551
217
1914
6360
2774
5959
6186
6208
3612
6898
3723
3503
6207
1574
6293
2864
5027
1805
6962
4396
454
5056
5643
2254
648
4853
6813
5534
6977
6616
2042
6179
4534
2370
2073
361
5071
670
5352
5413
596
972
6493
2220
3427
6562
5114
3544
3149
1725
5307
6902
6595
1090
2057
6895
5604
1826
297
884
6891
18
1586
6248
5873
994
5887
2456
956
6351
728
6135
1288
5994
74
3894
696
4723
3535
6792
2308
2191
1972
1071
3460
3915
143
3812
3884
1246
2087
6841
3457
4441
2938
6870
2132
4280
6975
371
1206
1911
5148
1256
4699
2728
3068
6608
595
499
139
3130
2834
3075
6420
4421
4536
4244
2262
3736
3011
5461
2300
3439
4968
5133
6286
3250
6736
4678
5583
5191
2777
2020
1728
5830
6764
541
5646
6964
4242
6289
5294
1544
1808
6751
287
6021
1210
5601
1303
3673
1436
6280
2315
5002
3355
4301
3114
1752
1376
4832
1851
4129
3391
6834
6684
2881
157
3442
2843
1622
6053
810
1137
6469
897
632
6716
5768
4270
315
2148
5537
5234
1149
3348
3527
5777
1868
4722
3471
6642
5975
5990
5411
1272
6218
847
1005
4274
4430
1637
3672
5490
5048
945
5788
6728
2002
2465
5603
6321
5570
6119
3145
1030
5538
4020
450
2567
1577
4990
3004
2819
3468
1336
2969
6313
6156
4545
4554
716
4330
3144
3948
4107
6498
6815
6422
3674
1844
6361
416
6894
4635
4540
6797
6152
768
5820
4848
2027
3620
1166
6028
985
5522
476
4458
993
6377
1913
4772
2169
513
132
4106
1939
6216
4410
4250
4737
1655
1066
2667
2040
3761
2595
4711
61
2365
95
3579
3536
4550
5319
1324
2520
167
3020
852
2384
5126
4145
4468
2277
4734
780
2037
937
2674
957
4872
3737
2314
6274
1278
4787
1417
5585
2997
3743
6778
4309
5635
4115
6588
646
1467
3929
1503
663
5992
2610
6025
3417
4146
6820
1892
6862
5977
2401
6372
2290
3251
6336
708
4379
1996
5870
507
1365
4868
2683
6285
4015
6924
4792
2211
4719
4648
6536
737
962
5491
6675
1070
6325
2103
5927
2382
2046
6656
4377
5181
270
2224
2974
843
4608
4576
3050
419
495
2244
5861
5945
264
1539
383
1788
5428
5089
492
6612
5617
2528
2078
2579
6104
575
3054
926
1265
684
2621
858
863
5535
2195
3975
5109
6447
3888
2479
2405
4007
1741
5818
3696
2336
5693
2231
2237
4391
2958
1311
1511
1566
6597
544
3187
5217
2442
6433
5800
198
6911
159
1446
5055
741
2480
3910
256
2424
2371
5408
1543
6318
880
1359
2877
2866
4026
4904
1931
4716
3702
633
2183
6590
6057
3286
1849
3660
6215
3904
2873
861
5795
3097
21
6223
2263
1244
4120
943
2975
4219
3242
2740
1032
643
6242
1078
1337
2613
4755
2590
5735
1874
6014
6406
5371
5081
1817
6844
1846
4336
2889
6231
4229
4843
6809
417
3041
4697
2581
2163
5775
4168
4525
3991
2914
1560
4221
3459
2095
3470
772
5778
6875
2267
252
1482
6561
1836
4041
2953
163
4509
345
6404
2402
2973
935
879
319
4345
4709
6896
2750
224
1185
1377
3005
1677
4013
5717
2140
1305
3586
183
3804
6222
6233
4560
2652
3029
1704
2428
6715
3588
4195
5356
3762
2394
6205
1371
3384
710
5282
6615
1861
581
6542
92
3958
4260
6560
3508
4696
1284
5130
3256
5487
2841
3783
531
4508
4913
2474
3309
4123
2923
3829
4062
4438
3394
5156
5385
5676
6181
3454
2995
3328
30
6671
2510
952
6757
5387
6940
5244
980
5063
1633
3426
866
5015
3040
5488
2252
496
778
1398
5286
4833
4862
181
4308
6383
1135
837
254
6144
1724
381
5459
1956
2030
43
715
1730
4919
2984
6960
1179
5187
6886
6863
5147
6250
1282
5946
570
5376
1901
322
6770
3988
4320
3799
5121
354
1933
1453
2530
2789
4816
4912
3207
6495
5457
3165
1663
208
2190
2806
5687
4294
6210
6670
893
5190
4059
258
4010
3090
5493
1790
2818
4921
3441
4829
3933
1295
1559
4199
6687
3198
4105
4957
1232
712
1694
3065
4445
2147
5545
4333
1922
1485
6513
2038
6882
3513
5047
3708
5901
825
3071
2213
206
271
2381
4281
109
6263
5781
4135
6490
5274
2924
169
5418
4384
3875
5318
4958
5840
4268
6165
3979
563
1578
771
3663
3970
7000
394
3623
3142
5597
2420
865
2712
6320
3788
7013
1881
1345
442
3599
4356
4119
96
6035
6876
2517
443
2335
2576
4561
5105
2250
2008
1309
4259
5395
6827
6276
6920
2141
720
651
3517
591
3572
2496
4098
5168
5025
3430
5978
5427
4567
946
6173
6906
1531
2780
4355
1156
3476
6075
4549
5420
6772
3446
4326
5359
5702
5507
3410
2736
5986
834
6533
3568
5173
5471
6912
1154
6326
4937
2762
2640
1783
4998
784
4290
6317
1550
5415
464
1394
3432
5112
2142
2608
805
940
5270
6457
4271
907
1900
6748
4187
1971
1639
5509
3322
282
5681
4158
5605
6137
5683
583
3968
3271
4515
885
3619
1013
5434
2784
427
2934
4423
3858
4186
3691
6124
1799
1673
2086
2586
2795
4638
2348
615
6465
6735
2110
942
2239
5344
5447
4352
862
1318
4060
3794
660
5920
5723
6712
3465
6551
2359
567
4302
2088
4876
717
1742
5560
1626
1435
6910
2854
6440
4328
1331
2822
3400
2552
1726
5600
1990
640
5708
6773
4569
453
3216
6607
917
1255
5520
4756
3577
6569
2385
2396
196
1348
2857
4563
2956
4028
2292
3139
1451
5656
2399
806
253
2754
3813
3117
5258
5362
2202
5886
4083
1722
6279
3269
869
3545
5184
2175
1785
3283
151
4675
6002
703
290
908
6150
4063
6444
7015
2360
153
5591
5058
2534
4042
1010
6473
5141
3555
714
2594
6587
5688
481
6324
2977
3924
888
503
2575
2105
3055
4061
4520
4170
2554
2081
2301
1891
4081
3974
2180
3191
6264
5309
4523
13
71
6679
1132
2288
3240
5235
6385
2416
6580
6819
522
1782
120
6793
1827
5328
961
932
6477
4050
920
2559
5090
1597
2004
4527
467
2821
2616
1800
411
3120
6132
1208
5013
1339
6871
5380
1888
6400
5030
5932
5492
5399
6696
138
2883
6631
1287
820
5737
1444
6739
4439
4938
4310
963
6928
3079
4037
4827
1734
6462
919
5819
4731
6554
1796
4016
1411
6260
6762
4097
2208
6668
4649
91
4486
2900
4498
5465
1731
1140
5476
2601
1086
1657
6979
3331
5662
2793
4907
6835
5254
6520
4887
3253
413
3601
324
5623
5474
3249
2628
86
6458
667
3947
2194
5561
4329
1439
415
1813
5044
5949
4327
1733
6937
3566
3492
6391
5051
6118
3953
4358
5890
6633
5554
2423
3781
4296
6007
6880
3687
3116
3229
3425
4929
4375
2624
5131
3236
3453
6386
1713
585
6695
5630
3325
2689
2017
4131
2870
3771
6042
2726
502
6889
990
343
2112
5313
6540
3790
6555
1370
4220
4378
1660
5052
6429
6305
4480
4089
6660
3834
1516
1878
2000
2651
5009
6959
4900
2003
1300
4292
320
2023
3998
6375
6174
2486
3959
2813
6852
5798
1465
2043
674
333
1904
3587
3994
4192
501
1201
3805
3850
3399
5954
785
4113
4815
974
2775
6243
1111
971
1789
6933
1918
4670
1259
5885
2342
4461
3534
6128
5763
2438
580
550
5519
3359
2118
2946
6568
6079
929
1095
6065
7002
5598
954
3852
2539
4980
6049
5290
3506
6500
2578
65
3962
3449
5898
2184
2269
1954
1654
2090
2735
1679
2863
770
1251
4427
3699
4746
1063
5412
3738
6096
838
6138
3930
6251
307
1242
5645
4918
718
3194
4040
259
6552
6963
2668
3832
372
5314
5249
4771
612
4839
525
6516
1773
3349
4121
6479
1363
406
1984
1093
1676
6858
2178
4490
5757
2084
3987
214
80
1488
6915
6803
924
1515
6930
5549
3375
4487
2324
2734
6878
1997
4288
5863
3347
3318
88
463
6023
3226
1285
4163
987
4460
620
6061
7018
4218
2279
1955
5260
1020
3649
659
3584
6592
5508
2062
1039
1469
4024
5423
1886
3115
4143
2422
1683
2962
5426
3627
3334
4141
965
1182
649
1604
6822
3861
328
3110
4246
6582
2560
3571
3411
5346
3784
4744
1481
194
5327
5651
5095
789
6314
6268
3709
1872
5856
112
2124
6196
3677
219
6826
3746
689
5022
5729
1266
2198
4639
6622
390
5837
3693
4264
2939
267
4267
4983
6788
6828
123
3678
4440
864
6729
975
598
3756
5904
2770
4910
2127
1226
5062
6239
1190
3745
1645
2959
6666
5786
1028
136
4442
4164
5064
967
3628
57
83
2714
3569
1100
298
951
1203
1863
751
5357
4437
6589
5500
4570
205
5790
4960
1122
5039
4109
4171
6431
2690
2511
6266
2535
3329
4883
4622
1097
3775
1022
1241
3757
5919
6109
5242
3478
6869
3561
3557
2835
2501
5138
6985
1192
6418
1327
1298
173
426
7011
500
6674
4332
1440
6183
5947
3896
2166
179
1687
4412
4380
4273
6545
2014
4474
4556
1643
1644
508
1011
2574
2696
635
5838
6348
3554
6860
6640
2054
3056
5922
1508
5361
6914
5042
533
6818
1160
673
1678
3926
2664
6371
2721
4581
1708
1404
12
1807
5540
875
5799
556
4548
3845
6171
5484
4201
2529
1181
3942
1852
4806
2568
1966
6779
1012
4071
3419
166
2378
725
1662
2847
4974
5860
1767
3080
3435
5948
4587
2470
4432
4989
4130
6064
4156
2015
4136
1347
161
3064
3291
6866
6103
2433
3338
3125
4383
1407
6755
4753
2703
4679
1765
2234
3397
4629
3838
398
4788
239
4343
6692
6401
6816
5276
2508
4982
6556
2448
6337
927
644
6550
2079
497
2218
657
3795
2085
5227
1130
2464
6073
6154
1623
164
1963
5615
2452
6327
5452
1419
2092
6043
6990
4945
6041
3934
2692
2979
5358
1947
3413
1634
69
4111
5981
4828
336
4724
2391
6026
6546
7001
5402
5472
5275
4969
4206
3177
2071
2128
1153
3553
3984
4178
5023
5678
3485
6374
981
6524
2146
1642
3632
5453
1831
3336
594
4148
4454
899
3156
1524
5145
2460
1591
4791
3665
1937
4710
3276
3084
29
964
3575
5288
6295
5134
3340
4694
4886
3611
5842
4367
3999
4104
510
4758
5496
5649
4478
2792
6099
1925
1549
4386
5641
3839
6063
4453
3716
3734
1236
4495
3528
247
1860
6456
482
645
2992
6630
3507
1859
5351
5523
2681
738
5804
3172
5370
2808
5215
3820
4860
5293
6986
118
4950
6528
4770
5271
2679
4773
6191
6842
3461
2181
4906
81
3622
6121
3882
3521
3949
141
4443
6566
5897
6013
5316
6581
6628
6945
2495
2665
2747
3310
4305
3951
3878
5738
316
5960
1835
4012
6390
701
4471
5753
3768
4846
3811
5792
2947
6800
1415
3733
1389
4245
2619
204
6909
2471
4798
6839
4643
6918
4636
6689
2053
3480
2926
3510
2647
4986
4362
6142
2204
6347
4363
6438
5049
3362
1424
6323
6558
1978
3230
3659
6426
4018
5690
5149
3091
5930
2506
4607
2557
2331
1681
5847
809
3279
2264
3818
1120
3302
4669
3786
5607
2369
1490
6627
1964
572
5709
4752
2006
5721
3681
190
1507
5839
3946
1551
2803
6602
5754
6421
1949
3066
3208
5824
4337
3179
1056
529
2605
4052
6893
2154