1477
4659
556
10941
430
4734
4922
8447
98
10605
7402
1420
4060
8877
2332
10231
10407
973
5352
3719
1051
4555
8669
5540
961
5
10897
3914
9925
11043
7234
6829
7553
1829
6158
4358
2856
6379
10654
1522
5147
2751
617
5360
1749
63
649
75
1961
2776
8085
1277
3638
6575
2864
7673
2411
6691
6639
7510
5736
7982
4201
6317
2399
5956
5495
5272
5488
2217
7622
8381
4050
5844
9524
8455
8249
3198
9780
6540
1644
8283
9609
3498
9586
7164
11643
10216
2077
6095
1236
10140
3956
661
6610
2777
3568
1206
5492
10325
288
1593
10904
11706
8965
6016
3639
11469
5863
5982
657
7213
10070
5965
3051
10591
7925
1480
5296
9283
7785
8881
6663
7624
2092
4732
2818
1825
10777
7677
2972
6221
8998
3735
3464
518
1417
9843
4988
8692
2441
1812
928
10638
5020
8707
1950
7943
1505
9647
9306
3993
10694
6199
9454
1606
3400
433
8379
10791
1989
7778
5970
2428
1393
6922
7322
7354
7972
6486
197
2770
4110
5273
1390
11223
10876
6561
7998
9219
3476
9845
8770
8748
1280
9184
9180
8552
8200
2487
10680
8802
3373
5346
533
9558
6544
2585
8918
8617
5337
1259
8691
9337
11012
6622
2538
6867
2589
10104
10005
11165
8048
6780
2801
7576
5344
8151
4188
9915
4072
8013
1541
5197
4116
4122
9603
5980
10957
2696
2354
4714
7626
94
10516
6058
823
6020
8681
2700
1437
6998
6818
11670
5388
4029
3570
342
91
3721
270
11242
11456
8132
8452
5212
7048
4247
6764
3319
4442
9034
6887
10167
6047
8518
2950
10034
9726
1067
4514
2378
7766
3971
9615
11201
980
10537
6135
7602
907
3930
7132
1798
11370
3278
2070
10311
35
256
2971
8146
7650
609
10711
4091
11584
8615
6524
10274
6507
417
9659
11084
4039
683
2680
6321
9813
8009
1735
4111
4722
11156
4738
5181
8448
10616
7186
6292
10717
8607
8833
5665
3286
8429
11210
3818
10388
8015
7793
6061
805
407
9417
6859
6498
10493
9820
11170
6041
5870
4600
9273
7318
4422
5616
5599
1355
8035
803
5165
5542
4649
9798
2949
8117
7346
582
3531
8045
5977
8780
11270
8910
1917
9197
3902
3781
10759
10147
9829
9939
6418
4728
6124
6667
5231
11495
375
1634
2446
4261
11058
7024
4272
2604
7257
1508
10393
3379
5343
6474
4533
11378
3481
3359
8081
922
7277
10188
9333
113
5016
6595
5940
5729
11716
1591
3245
11640
7799
4870
5934
1946
3252
5018
9777
4159
5122
10740
4594
10331
10849
130
6874
10588
7453
4484
5087
11077
8654
6827
487
5086
10827
3923
4238
5746
11317
8900
8553
1069
4443
8868
9457
6907
6188
2298
6082
5408
856
6868
1359
10741
7167
3457
7647
1714
4437
1040
6668
9782
378
8076
1895
1472
1942
6053
560
8417
1698
5595
7996
10709
7359
6715
3822
2877
6782
7231
6856
5696
7744
11306
4452
9296
9667
11445
6924
6935
11494
3865
8262
5929
5027
10448
5007
10320
8850
2795
10820
4106
10179
343
5572
412
495
5924
763
3338
3228
2611
7497
473
10017
6528
6373
1986
3767
71
3848
9778
8840
5673
2524
1996
10843
8594
960
6678
5305
6459
1884
7949
4787
10989
10634
6204
3702
6822
11075
11497
3193
4752
10339
2040
10333
2172
4160
8870
4364
1494
7210
5264
10462
8563
9950
10456
7794
6499
3917
2591
11135
9397
10747
5507
11021
5057
3859
11690
2436
1976
7784
6931
2787
5875
7583
950
7748
4096
1221
5318
8866
10705
9383
10151
3666
884
10856
9801
2843
8593
1151
11452
807
6901
7110
9175
7848
6656
1476
447
10901
6335
450
11714
6126
705
11715
2111
6455
9768
11273
10659
3798
3820
6165
10547
5100
56
10688
4233
346
3958
9255
9125
179
7865
2527
6001
990
3032
7564
1930
5232
5327
4583
6757
3096
11545
11641
7685
6166
7947
4177
2995
5919
10293
9115
4736
4708
7774
4090
10501
1958
4901
756
6581
1464
6758
5187
10533
6845
11191
11235
5624
3183
6515
2638
8171
6401
3658
6597
1670
65
11442
7070
2938
10162
2709
8071
2438
3361
1557
11726
6860
3365
10546
1140
8028
4228
6349
3081
8799
10360
7265
4008
3035
5652
7763
4635
6533
1006
1309
5608
4756
10290
5648
5030
1348
10483
6330
2710
5845
2913
10291
6251
10555
10617
2817
5125
6900
11076
3082
9143
2
7568
6037
7336
5313
1771
1623
2018
125
2157
2603
5211
10142
7916
2619
4916
7146
3418
2890
9421
437
8370
1598
6797
4451
4848
3094
4359
3973
5102
10781
1666
9460
3188
2100
10844
5759
8169
5184
3120
11368
8719
8275
5392
1299
2495
8426
7882
3113
4771
1194
5040
1933
6523
6631
5416
7532
682
11196
2276
278
3615
8978
7233
6577
10784
4650
3485
1622
194
11398
4830
8905
4581
4321
2954
8014
4547
7019
2253
8664
5436
8334
7197
4175
2909
5193
3576
7617
1855
11175
4951
835
2698
8810
5723
10968
8223
2388
40
4593
1667
8118
5070
5245
2313
4489
9407
778
3405
520
4892
9198
9119
2114
4404
6383
8724
1129
3001
5602
4840
4607
11582
2173
3160
5761
4785
3649
11208
4259
4541
10020
525
7969
6255
4536
2855
10001
4465
7514
6882
2294
2730
6962
3663
8210
2181
4376
5896
164
8837
11104
6005
6986
936
1189
664
8645
4989
9621
4815
10373
11611
5101
10435
2038
10859
1697
700
11248
5556
7254
5650
6996
6509
2047
6739
804
4063
11438
6179
3915
1497
1249
1779
1096
10265
5391
3549
1323
1553
3207
8442
4716
6783
3267
5183
5769
11589
8413
11101
5109
1097
10804
5341
9111
3594
9930
4059
8584
11585
5859
8314
2820
1246
7710
11214
9884
9148
5946
5453
7130
3908
6024
9309
6890
10112
10796
945
1296
6307
6309
5850
2433
30
7086
8786
2582
7791
761
2734
11623
5140
10343
3833
7182
1824
8068
8016
1171
10923
10971
2964
5548
1720
3362
5798
5854
3573
869
3127
4311
9952
6359
8230
10380
11423
7166
6269
4507
1680
3397
7918
10950
10115
1979
7824
9539
9806
9204
1251
5013
11373
7640
4024
8625
7522
9535
3516
2583
8352
10387
10661
5247
5724
11320
2640
10375
7883
2336
474
7811
5054
4893
10939
2153
9628
11686
7060
1530
6301
9497
8299
1922
999
10744
1423
1860
4959
4308
5301
6600
2303
3718
1354
8500
11064
3519
11619
9313
4794
2333
1202
6253
1483
2062
5695
3209
3269
6550
9990
5175
672
2887
8264
608
8398
4920
11481
11636
10702
8528
5223
9951
7190
11652
8556
10596
11209
7746
11026
9779
7102
9827
6840
7279
1943
843
11374
5508
3746
3698
10141
6030
2845
921
3835
7700
3842
7261
6503
10305
4725
5401
4671
10737
5681
4436
5111
295
6849
1554
4372
6820
4139
4126
3299
10830
10128
7304
1499
7471
6367
3983
7244
9704
11173
5901
7203
4875
4309
2206
9522
10322
10776
10390
1612
3236
3528
9800
2512
9783
4221
1158
11255
7899
10125
7725
6224
7616
3449
8665
10917
96
6105
8166
11603
2711
333
4625
292
10421
2807
9514
5371
2955
2634
10583
9491
9186
440
2130
5684
8538
5662
8229
7476
8430
3511
9343
9140
984
11566
1953
9231
2952
8109
5377
511
5900
3071
11627
6243
6862
5767
851
2066
10682
5347
6563
9891
9212
9112
4929
8889
11120
10507
11186
1046
5533
10514
5032
9944
1363
8306
7348
4900
10824
2161
4827
6028
9106
5332
7434
11162
11032
2529
6294
4946
4293
2069
10183
8145
1507
3427
1367
11501
996
9027
1839
9986
4570
6968
9759
7090
9771
2871
5920
10202
8325
6177
9696
2485
10278
2191
9385
3102
2806
9259
2460
3163
7705
3318
5573
8251
6880
8221
6006
10200
8167
8501
8990
6137
11108
1601
10600
7385
3724
10379
11125
10951
4921
5826
377
10303
4504
8156
7718
9863
8792
8178
5738
9978
8061
1785
10890
6239
3984
2594
9774
1693
10131
11183
1807
9988
1983
1585
1607
10079
5795
406
4314
10727
6723
9300
4178
946
6767
8939
9327
6502
9691
8362
88
314
2107
2266
5515
5105
3937
3921
7242
1716
4512
2494
8023
7439
8568
638
3339
11305
8369
4047
10959
3670
6598
5803
2152
11179
4747
2359
6091
4467
10604
1951
7696
11637
8757
8029
8666
261
874
2636
11215
188
9039
3672
2256
6718
6536
1787
6471
9911
7659
7001
3507
3741
5274
1411
6494
5182
2859
9717
8711
360
8723
8899
2509
997
6289
2846
11355
366
5601
10100
6039
11161
802
1250
8781
1915
9002
7124
4463
6108
3766
796
8084
8062
8605
10756
10026
3197
3910
6549
2918
2234
5044
7682
3668
1001
5471
8926
5001
5568
3537
7485
1042
9981
488
1642
1686
6467
11044
10814
9473
1421
1556
9868
4488
11366
8034
3268
6254
8040
5356
9916
2934
11300
3581
5587
1871
4578
80
3809
9376
4664
11656
2235
2128
10354
84
1481
7169
11256
7598
3121
2554
471
5869
6835
5373
6696
2468
2821
2465
6203
5229
8677
6148
8936
8564
4094
1160
11111
8077
3327
8687
10935
11229
1649
597
1956
8125
2578
6384
10568
4268
4360
8294
798
9456
9105
4934
11144
11157
3562
8729
566
3123
5249
2668
11143
7056
4398
11219
8876
2614
3047
626
11189
1925
4930
10788
5659
3737
8267
5535
10457
10673
1199
10728
956
11436
10197
4037
10062
1885
866
6178
11570
2003
3846
7759
3539
5530
6262
5588
7945
1987
751
5239
6273
6815
11711
11257
5283
6535
4772
284
2565
8493
4847
8622
6568
5123
3603
489
8861
1356
5207
9866
1030
144
9482
9803
5084
7861
6653
7225
8554
7683
711
244
7079
1341
7339
481
7138
806
558
7002
23
5191
9420
11103
9537
11169
7922
7837
4735
5314
4981
9622
6395
3942
2694
6649
821
635
5651
8747
853
10525
11434
5293
3176
1671
7681
3023
2122
8454
10724
9268
3854
580
5277
422
8523
4087
8546
5295
2592
1778
4011
3632
3087
6231
8213
10748
4801
8816
461
8121
10932
3844
10416
1663
11558
5865
10646
10464
4198
10087
6389
3412
7708
6615
4626
7552
11418
2977
5031
2629
9883
10434
4820
10828
11212
8100
456
3446
1992
10090
5827
5464
11487
6724
4945
10367
1549
9617
6947
7878
2746
4906
117
9736
3060
2403
428
10649
9011
9885
3883
9751
10502
2989
9985
8380
3824
6374
4007
219
5862
9511
6520
5521
5421
10608
7229
7570
6554
11213
5487
5068
298
2590
2920
11066
9725
10347
5155
970
10370
2061
1101
2055
3116
9881
4765
1313
7545
5065
7331
5733
4803
9515
2662
10206
1672
7088
482
338
10295
604
11659
448
4802
6245
4998
7592
2418
10077
4016
9127
4905
6014
1133
2314
10031
3892
5786
6314
1310
8492
7109
11068
9508
11548
11609
5368
6808
10335
5618
7561
1109
6366
7176
4043
1454
4904
10855
4474
10340
6353
11013
3144
5952
2281
10628
8000
4158
3053
253
5612
1876
325
8460
2390
4730
10789
3878
3642
9398
8839
1174
6308
10359
1397
5821
8520
9740
5052
6495
6164
5497
4283
4539
10168
10172
1196
10667
1765
9468
6398
952
4865
2641
9102
5504
1978
8633
9948
8005
8969
2584
8254
8218
11662
4048
11041
6117
2760
299
1388
2405
10460
5465
7087
7145
8209
4291
6956
4631
11327
10627
9194
7966
9635
11027
1173
8514
11193
5366
10845
3384
3010
7407
6370
9785
10323
8486
2384
1119
2762
6399
3952
3879
8970
4054
10689
10326
5011
5516
6693
2205
2520
10871
7606
4097
9799
8621
8832
5915
9546
10621
10482
4588
1332
10760
109
6775
11596
8122
6428
4806
11673
2410
11147
8237
10512
9697
2397
5610
1450
8596
7704
6483
2396
4193
4982
7889
2328
10846
9531
9815
10246
6846
3408
11590
11085
5449
153
8953
5498
8824
3675
7891
4511
3066
5764
4949
3989
7227
7572
8527
4938
115
4137
9698
7342
4379
2260
9752
4552
6197
4618
10313
6613
4225
6619
8397
472
4660
7523
3422
3645
8788
8749
717
5073
2840
1525
3697
4658
2489
5597
2334
639
1603
6939
538
11439
8482
636
7637
1655
10567
146
6046
7695
6334
4277
4846
5635
4506
200
2213
6040
5984
454
8639
132
6344
8935
11060
3707
5206
2212
6347
7093
6821
10884
1102
10369
4280
7157
3981
8995
9431
4098
11478
10571
5443
10513
11247
3814
1594
21
5642
3652
6151
2027
876
3900
8057
2052
3052
2537
8701
3417
4195
7907
5390
7729
726
4134
1426
9910
3280
4874
7441
4682
218
9912
2251
10609
7915
10319
2164
702
10103
2150
254
8570
5953
3585
1648
2057
11680
3459
8466
8037
3042
9929
10043
7649
3270
5559
6403
7140
1248
11527
11010
5276
2772
6529
797
2432
8495
3774
10906
1776
1531
10745
6299
5022
9819
7955
3351
420
6525
10310
8032
3072
2239
4396
10012
5162
193
529
8195
1858
1399
8582
6684
3044
791
7653
9786
11403
7796
8744
2478
5236
7206
5024
8250
129
6799
7509
7738
7530
9861
6067
9758
9601
670
676
4645
2006
2600
10742
988
11697
5510
9865
6180
3472
4211
7524
5890
8399
5906
6368
8728
1906
9382
10029
9129
10803
4479
2896
1240
8488
9054
4857
9517
7281
3414
3587
2910
5931
5782
7826
9505
8783
9879
6873
8473
3011
1238
2551
6970
6018
10424
7479
1090
6626
10893
4557
8629
4773
8222
11525
3038
4579
3179
3786
11399
3749
2300
7539
3145
4614
11559
8614
6999
11333
1127
9742
7983
3948
10586
5019
6958
5168
4485
10461
6566
6617
2187
4993
7160
9354
9469
6435
5387
2146
4015
5164
11112
5478
6078
10045
7089
8562
7712
2159
3595
7235
7675
5632
3616
4621
2463
8591
5550
5966
1460
620
8065
5990
10301
11538
9432
834
3557
3651
4202
3383
2275
9737
2304
9415
5784
7059
2395
4420
6817
2340
7431
7398
2719
2853
1734
8481
3088
7560
4807
3131
389
8112
9257
1431
5199
8427
8727
11096
10316
6181
11388
11063
3821
4694
10669
1419
2978
1376
561
7117
10700
8044
3466
9507
4804
6776
8265
1621
2254
1453
8022
9480
2109
6843
8512
5151
7487
6633
9449
1123
3629
8712
8341
5995
8893
5328
548
10816
7349
813
10312
11450
8680
2564
3349
2552
4041
11406
105
1899
1583
11285
2310
2506
414
9719
6944
11190
4120
269
1016
1078
11546
10965
10041
11500
3492
2296
10532
8419
9450
7148
2026
11599
7839
6933
2768
8906
4300
8238
2570
5985
7953
3869
9629
6710
9075
1510
2355
0
9419
9660
8496
8530
3392
1223
293
2717
978
10475
9401
5163
5740
5228
7981
4466
6008
8763
2246
9006
9321
5868
7764
768
10136
2104
4902
1653
10488
893
2125
6574
10511
2798
1515
4762
3307
11597
535
4285
5469
2420
2366
7419
4331
11000
7033
11463
5479
1826
7993
10578
4903
2850
11138
9738
939
11007
2659
2510
4821
9375
9892
8813
2933
8287
9170
11279
6280
5089
7315
11037
4071
3778
8199
6793
6891
234
7391
1179
4943
6603
2417
3584
11489
9019
1462
10644
10817
5452
10324
8836
10662
7565
172
3838
6270
2788
2828
4937
4249
1573
58
302
1203
3049
1366
6803
5991
10398
6567
128
8620
10668
1243
3217
3190
3845
1830
9442
5657
8793
8958
1625
6627
10672
11482
2049
11650
7223
341
3980
1777
10137
6249
3285
331
8305
10736
5083
3130
5914
8391
7406
4759
5818
9718
6987
8892
2201
8595
1120
2349
7094
398
3797
1352
6443
3646
10399
6059
8474
1301
9425
1128
3572
3391
1717
11449
11338
11177
10624
6107
6279
7173
5606
7688
10642
8
6588
9389
1768
8058
7737
9215
4445
6539
3147
8138
1512
1478
2012
809
7719
304
2596
11046
1300
11316
11461
4852
2237
61
9550
8420
3279
5653
6089
3303
2767
11238
8290
6325
5023
10317
2280
1967
4273
1662
5685
5916
2402
4508
11580
10123
10076
11412
4707
7887
6545
2956
9762
4731
7381
6145
11509
5570
3574
7770
7623
9358
6542
5937
3170
7007
7635
3913
899
7779
1647
1229
1054
4032
6587
3007
9888
3117
6637
5114
7952
4333
5384
2360
3266
2045
1003
11476
3041
5034
1448
1746
3628
6214
2293
1532
7409
510
1262
1921
10964
680
3747
6385
9151
3805
9598
8612
4318
453
10257
1414
1528
10892
11499
8569
4829
1518
564
2097
2290
2707
3409
5615
4305
2498
7219
9474
5118
3532
2033
4107
8683
7684
4459
4065
9920
6683
6731
3855
845
6641
7489
6185
11176
7474
601
6371
2561
9378
4073
11647
10132
2079
773
4763
3631
681
8764
1562
5592
1394
5730
8444
10615
3473
3261
5425
8506
287
16
6073
8317
2522
10127
6171
9445
1039
1265
8559
1643
7335
3825
9876
1730
10607
7941
1308
52
10481
4898
5674
2932
4624
5158
5885
9177
7534
654
2365
9536
3890
10159
7241
1659
6559
6010
9584
4157
402
1513
9620
506
1491
2689
9582
2442
5596
10237
820
5743
3874
550
2718
9792
10238
1910
1486
7792
3648
7851
11204
2741
11411
6437
3627
6098
14
7743
7825
1211
736
9731
10417
1592
591
43
3079
8823
9969
1245
6914
6450
5241
8127
927
9775
5363
5306
2792
2562
7323
2323
3328
2942
1145
6348
1037
11364
7686
8353
1269
9533
2891
6698
8812
9227
5334
5312
9640
9288
6589
7364
9251
3424
7393
397
4654
10468
6102
5889
543
8181
10075
10182
2704
9965
6475
4389
10676
6982
7226
6054
5643
7933
10839
1136
7205
5180
11698
5263
6912
9319
10751
3289
10248
4135
7379
4528
483
2881
4564
772
7937
9455
404
9390
1998
8589
8139
204
3483
5569
8012
957
7492
9123
8505
10594
9010
10626
202
9955
10519
915
2706
8619
5500
10105
2975
1404
6586
6903
3802
4509
4216
4271
9972
718
7461
4089
3325
9004
9705
8658
9451
1661
7284
689
9973
9142
4703
1072
3994
1873
4666
4595
2758
9857
696
1535
9335
8196
4435
11454
6534
2163
3480
3067
1247
6169
6988
6481
5772
9355
4680
7276
3395
8259
4999
2902
7451
9822
4301
9293
9056
8844
4970
2575
6895
10696
8517
10253
2669
6753
6711
7149
11594
6434
2946
10057
11254
7362
7931
4767
3826
3300
64
10280
9713
1500
6940
9418
7928
3555
5581
2892
478
5271
2048
4602
5291
7910
10686
9773
5005
2490
11231
686
8579
11410
11508
6090
11655
912
8332
4596
10522
10492
4642
8663
9921
1823
8815
1425
2458
10169
9126
9547
9549
10351
1362
2264
2605
7080
10258
4183
9585
831
2169
8302
10618
10376
7652
7554
10641
2108
6387
8983
9489
7600
2330
3364
9941
650
11718
10738
379
3283
3323
424
4079
20
3699
3223
10925
10963
11074
5707
713
9292
4817
11258
537
3154
9029
9441
6790
8211
191
10877
6393
11639
4187
10348
8609
9063
8197
6582
1063
10054
9665
7058
4510
10833
11042
2421
9225
1681
10184
3335
6778
11534
9181
9058
10255
5166
9402
5725
4109
1232
3421
7713
11387
6430
11646
6291
760
4085
11532
9656
11719
2863
4886
3717
2747
7664
627
872
6296
3875
4693
5424
9388
3265
7643
602
2132
10372
7460
4577
5194
11649
7454
5367
5660
10357
4826
7842
10883
11672
2726
9492
8988
2951
3468
2286
5561
2829
2013
935
8805
11181
6647
305
5613
2841
7389
2338
10426
11381
9434
1893
9107
4013
4286
5374
1273
6086
6929
9627
9669
124
9680
10613
9459
7660
289
6141
7152
7347
3470
7847
11017
6606
102
9360
5706
6480
6329
8756
1864
7433
3177
8679
5514
8702
7834
3600
727
8179
308
2078
11701
5258
7986
4546
4143
1902
4166
3330
9711
8083
3967
10269
10171
4456
9571
10442
5867
290
9991
4495
8858
8480
4939
7597
6878
2878
10447
6015
9167
1495
9131
10822
10708
1241
10334
8490
2207
658
4881
5432
4304
9214
11216
1923
2227
3559
9224
5973
5477
3435
8286
2866
10486
6232
10934
7754
6205
1266
7373
3862
11608
7095
11107
7247
6313
3831
3621
8671
9943
7491
6071
1580
9749
6268
1792
4918
1007
2576
11631
10614
2135
8395
10185
748
10300
5079
4203
7444
5760
3332
1896
2229
4515
4758
553
2861
9278
1371
6974
7159
220
5445
3690
5529
10098
9328
8345
5440
11283
3208
11079
9308
7831
11671
7771
11200
9287
9877
6029
2834
7365
497
1029
5944
10055
8592
3109
2064
7214
8949
8968
10440
9735
4568
1506
2517
1974
7016
7399
9169
1596
3633
2151
8498
862
3620
5770
1533
4144
3247
3951
10517
8449
11251
3175
1576
7316
3931
391
3637
5959
10264
11249
10091
9980
3527
589
11319
11614
1683
5382
7507
1763
1708
10349
9350
3248
9732
6805
7482
4009
1379
7802
6306
2729
9926
6748
5951
5687
1436
9521
3987
8475
2722
11679
11402
1153
5776
1737
2837
3353
8304
11296
6149
7581
3401
4411
9336
7936
8011
11432
8470
2147
1260
5113
9414
6795
6088
5130
8364
3033
9850
5142
5630
5058
3114
3356
10753
3688
5230
6784
7269
4788
7215
4663
3489
5437
2450
5205
3251
11363
8705
5603
1113
4990
7236
4862
10771
1124
492
7375
1068
6256
6510
10275
8168
8540
910
1820
7112
7077
7493
10899
11109
6769
11132
4856
11336
6712
5787
496
5774
9174
11349
11441
901
423
1862
1883
5428
8140
8097
6364
4214
4531
2024
1588
4040
2992
3751
4142
7098
11308
6167
8539
7193
9575
3504
3812
9724
3315
10401
2483
2558
10228
418
214
5557
6057
10792
9356
11550
3807
5713
9191
854
5511
4793
3760
5545
7183
9086
6458
8922
2031
2740
6514
443
7330
7745
4294
6682
5300
2347
2774
8884
9209
155
5893
7189
10281
6021
3513
4832
9149
4627
4355
7135
5364
3944
949
8828
8177
2028
1808
4741
3097
9485
11514
2202
6068
3979
1455
1772
9103
1416
4184
10870
2670
8504
11116
7628
4986
2497
11723
10785
5025
1088
10021
3706
9538
10593
517
5524
11207
3271
2041
4941
9369
5240
1349
7590
3919
5458
11264
7721
7974
3164
8974
2847
11292
9269
5655
2244
11202
2630
7202
9624
7573
3714
11237
2623
6361
7962
10254
1125
7027
6419
10259
5520
3433
6042
5351
3588
3972
11146
9589
3843
648
10000
6573
10918
3034
1743
1319
255
11455
352
7115
544
712
9848
1786
4673
2922
5536
7707
1582
4088
9396
2973
9493
9574
2214
1424
578
8915
11062
7957
5941
4298
2781
8644
9187
9206
11490
3296
9229
2882
6026
11222
1033
9802
7715
8359
5160
2375
2127
1888
4199
5190
11225
9764
7499
4491
8999
4149
1115
4837
4609
9020
6261
7646
8626
767
9101
8437
9070
7775
2657
516
6621
8891
824
765
7120
69
6706
3775
2824
8586
2398
7751
10690
9109
451
691
8675
2268
6593
2263
5317
9254
9370
8628
10857
85
7929
3061
5116
10658
3803
11081
9855
2535
926
9074
5302
3156
8483
3716
3058
1624
3076
2708
8478
7435
6990
4255
5879
6406
2862
5145
7030
8170
5137
3729
6864
514
4542
8224
3369
4279
1948
5902
9104
3416
395
8418
301
8471
9745
2105
5676
9852
9025
11629
1727
8776
3091
6356
8987
2496
9784
10674
7544
8545
11141
281
3486
10911
10999
630
10961
8951
9856
7526
1122
758
875
9650
4218
8693
5002
11267
938
1633
4425
9374
8646
678
2469
10419
3852
7736
5485
11576
8670
4362
4537
9864
8192
6275
2005
11435
388
4307
6952
5525
1005
531
3167
4257
7303
8790
5092
438
11710
9714
5758
4761
8363
2034
1519
9310
1561
5358
5512
10715
10992
5802
10988
4020
8730
3259
66
9332
11547
7180
5340
4948
1361
7446
11579
6394
10064
5999
7208
11541
4567
8247
1748
9282
9570
3304
11724
1137
3788
2632
10914
1234
8434
4413
2813
3462
10636
2571
123
9545
11678
5958
9757
900
1934
7724
11047
3264
2937
8489
5836
2749
7297
6771
3337
509
11700
10178
9162
10099
3046
8745
9001
10982
10364
5983
3004
731
8611
11517
7854
3142
9409
2672
4521
3136
5584
9061
3742
10032
1207
180
10240
10528
1131
4633
7991
10838
3811
8107
6274
8472
4517
8869
2311
8684
4620
10515
9675
7418
282
8451
3077
1010
4796
9927
9032
1811
11359
4209
10909
7954
9342
11100
10102
2826
11097
6869
9684
3184
6193
6676
11022
4217
11561
4933
8322
10888
7273
5611
4042
1286
6140
1307
6660
2648
9453
9084
6493
3195
2453
5788
9653
11721
3437
11309
2021
2884
11245
5496
9836
10730
8819
3065
8119
9569
3940
4677
11568
9655
7344
2539
7621
5461
1303
1369
9069
10869
3635
7536
9226
11693
3683
169
6320
11622
9940
1302
7671
9982
6127
2869
6861
679
625
11091
5754
7218
6893
554
3780
4936
10938
11604
3354
10008
9464
1019
10177
11413
9345
11682
5590
9462
6235
9931
3166
7550
11705
1872
7588
5017
8826
6219
3243
852
3640
2058
8025
312
8600
6103
134
7328
10978
3536
10866
3202
1407
5098
4377
2278
4786
8255
1347
1774
5254
5202
11087
2622
8173
3673
6981
7727
7361
10967
6989
8561
4289
943
1055
7920
10874
6187
408
11272
7838
6983
6629
586
6074
1511
148
9182
8640
4781
9510
6810
3340
623
555
6378
6737
9830
3608
4668
2676
6241
5459
11581
2277
10217
7803
9320
5104
10117
5839
9846
4472
10219
3872
10913
2297
11159
5326
187
11379
11722
5243
6311
8820
7466
413
121
753
6751
6284
10074
8668
4154
9875
5482
7289
8695
9252
15
4164
9316
8063
2285
9305
3569
7078
10007
6191
6830
6212
268
6812
9648
981
6966
2149
2794
11385
729
7018
1094
1134
4997
11298
1712
9272
9173
11425
2900
570
1602
7329
8041
7797
9338
8758
8374
8465
5342
8635
6740
3249
10763
10707
2367
7924
3161
4582
968
5173
3381
11088
7584
2391
10052
10598
7457
4078
10403
10946
4532
166
5726
7535
4523
9513
4574
10599
579
4062
11360
6381
8135
1190
8421
4563
6965
6229
3138
6290
5677
10038
8093
913
5288
9993
6120
468
9918
8991
8624
6824
5849
10891
7200
519
4975
9244
9693
7876
2156
8403
6930
8331
9233
5705
2377
10766
8821
5833
11416
158
5948
9882
2650
4849
6904
2035
9089
3677
9438
2345
3692
8406
9612
10677
1279
10929
9399
2471
3552
8963
5468
10028
2547
6592
9064
6747
6195
4371
5555
10157
932
864
7587
4170
685
2617
9348
9566
9404
7614
11521
7716
2085
22
11124
1192
8328
6228
4749
5664
5607
6445
4520
7228
3785
5285
6730
5537
2409
7484
4558
7601
4503
8598
7133
10581
11313
8880
2931
588
881
7515
7285
8310
2738
10536
4813
355
5444
2209
10003
11563
2525
1501
5094
10022
11051
1928
11408
8509
151
1814
2681
6825
1272
2647
6327
1177
11523
1166
5574
4151
8234
1135
7919
1751
512
3578
2830
2316
979
11294
10679
7071
2175
8817
228
5409
3839
6865
10710
10572
9541
2559
8105
2653
1784
2868
6326
7378
2343
10527
7790
4797
4231
1152
10566
8185
10366
8468
7321
11466
4691
7615
7432
7580
8751
2948
4174
3705
6605
11055
6080
5745
5256
9249
10821
2752
8732
10474
3475
4014
4427
10733
8233
975
10635
6034
9686
7816
2121
666
10714
1043
11471
5379
4737
4251
4119
11390
1057
5609
5804
3235
3827
1458
10778
4700
313
622
7641
357
10427
3229
10942
8092
5157
3226
6756
4319
7025
8548
9114
2099
6870
3293
9970
1618
1880
2283
5048
3815
10630
795
11446
6412
3841
7518
2831
1218
5043
3150
3444
2610
11197
9050
11009
7723
6411
7858
5056
5423
9146
5292
6322
7979
6851
5637
6283
3257
8672
10808
10145
7296
6338
3055
263
11660
5880
2184
5829
3950
1373
2204
4711
10382
6553
1463
3907
5250
8047
1278
8415
840
4227
5987
2335
11337
3849
9303
3503
1275
303
4342
1957
1832
8361
11121
5399
867
11065
8898
8578
2939
9134
10924
8091
1723
5064
318
11321
5290
11528
916
10953
5429
7946
827
3708
2481
3518
4751
3602
8885
469
3734
4543
11078
3897
6995
8653
5389
2284
7270
6339
4095
9968
2540
3912
10584
7658
6048
175
11178
10187
1904
3100
9619
4839
5412
10365
11194
6953
8972
1461
7125
5894
8694
8214
2568
906
11145
7714
221
4345
10558
7144
5888
7187
460
562
7741
3336
3005
8782
7055
241
6946
9295
4181
7220
11114
7425
1874
1665
2985
2371
7782
2103
11457
7337
6658
10561
5269
8830
8440
9275
7388
2014
9486
2684
7841
2379
3029
8696
2051
8838
11505
1022
6072
4950
991
5735
2167
6913
5617
6738
2602
11224
3579
1316
5551
1141
7520
3030
6794
6496
9207
5216
10960
1079
7380
10716
841
4713
7596
4412
2165
7
3665
4093
5955
11460
8867
9639
785
4104
9264
7397
8762
6571
3429
10862
6159
1364
6110
4025
10645
10268
9946
587
387
2714
9974
6883
8580
1569
2044
3566
7465
6324
2479
10344
1571
10101
7230
3141
9530
5072
3288
6386
1770
10314
11082
8521
8205
1429
7829
7239
4608
8827
10235
5737
6
1565
10261
2703
1994
4561
4744
8735
8755
5439
2797
2299
1709
11583
1690
4129
1162
1126
5268
11015
9554
11341
1176
2240
1818
8339
8431
9701
10666
10199
10825
2894
7044
4760
7320
2782
6863
7334
9362
1673
11230
1415
10538
7043
10922
2548
4297
4421
5571
8464
10652
4276
2969
6809
9091
1370
8164
4021
7884
3901
3626
6607
7632
8686
743
4468
5756
3676
11610
7903
4081
8809
4399
213
2081
4325
5286
9907
11625
1468
1971
11404
11415
4046
3370
9236
4723
3597
462
10725
6762
9477
9520
2123
8462
7412
10080
3357
539
9200
11288
9559
3959
8551
985
5224
10867
9322
2457
4698
3151
6832
223
10368
3881
3342
9947
6312
8784
6994
9330
4191
9670
6839
830
1775
9494
4036
1963
11095
10752
2875
2916
9518
7278
11344
4017
4206
6993
7874
3515
9781
5560
11593
100
643
10224
4453
5221
7083
11155
5820
1230
9261
1197
1773
8059
4675
4267
9359
6614
5178
1427
8438
11339
565
11382
5658
4599
8688
2287
10386
7255
9690
8937
1795
5992
2836
5026
9821
11544
3168
8161
6692
11472
2715
9720
2019
9671
10592
11695
4348
10129
4976
309
431
7687
551
463
5324
5417
6871
4743
6000
5095
6719
9452
4235
54
4418
10341
8006
2154
5926
7266
3622
4571
2940
10296
4917
5638
808
5989
11232
5029
7542
1699
3696
29
703
8372
1651
6433
5159
4056
10353
10983
4548
6826
10148
3366
7917
11090
923
1949
10066
11542
2688
1984
11467
7005
11465
3882
1806
5004
329
6819
9346
3199
3031
7516
3976
3128
6287
2621
6675
7428
7374
8190
1918
3864
10622
11303
9412
1916
6906
8714
493
4674
4365
1960
1117
7665
9607
641
4099
5646
6332
6620
3589
9611
7836
9828
4168
6156
6657
8165
4872
3463
5714
7209
9765
801
7136
2363
891
1941
4243
7111
4186
2096
10023
10664
3028
6210
724
7731
8647
7654
10072
7477
7722
10480
6409
1146
11567
11228
1400
7885
8450
7642
972
788
11117
4402
1403
836
11503
4393
2966
6113
10597
11427
1793
2292
1694
185
5518
2990
1231
6735
9116
6814
9052
1539
10068
618
4927
8148
5047
347
5792
4003
1285
918
7156
5871
9618
160
4461
3899
11003
8193
5483
5108
10773
5059
7644
9238
1985
11123
9312
8875
7207
8203
4909
8183
10465
6377
2615
3
8208
6442
3601
316
3898
7286
11613
8407
4146
11318
7788
2646
3804
4984
11516
9908
3955
9005
4179
7795
2755
8734
3458
844
10114
7926
7272
10283
2238
9245
4835
434
6750
634
6147
9729
5790
141
5925
10014
6664
8491
1013
8392
8934
9565
7567
7768
2753
3711
5895
10121
6093
7029
10574
3674
11702
11130
5336
2372
5081
7944
8698
8142
8779
7706
3968
3192
9430
7806
1990
4066
8873
7237
380
10601
8690
3806
11134
5928
8716
7199
5170
7122
5690
11252
11694
8069
8424
11587
101
2502
1084
925
4101
4808
4629
6244
6484
2763
3743
2162
1796
6464
3107
7767
1210
6672
2857
7975
4696
5353
8632
8883
5041
5812
9147
6198
10539
8773
10765
7655
9928
7521
9078
9755
2423
6701
8031
8946
3769
1104
79
10383
7194
6382
479
9975
1011
11260
9542
8796
2557
2999
8239
3180
10970
1504
7879
5049
4180
5832
6449
1590
9136
10585
5988
4499
199
9381
1204
1613
4424
521
2921
3312
11036
11520
11268
3593
8270
5742
6746
771
3008
3941
8404
1446
11392
10503
2601
382
6417
8258
8717
3157
7131
10762
1071
426
9349
10289
5430
8774
365
49
9439
8008
11038
10063
9263
5716
10425
90
1381
8721
2475
11
10928
789
752
1000
6785
2118
9216
7456
6705
9754
8180
6340
9581
326
971
10976
8387
3857
4156
5886
7894
10225
10201
7495
10152
7177
2607
4591
6345
6910
7192
1027
2533
1609
10936
8865
934
1334
11034
3452
2944
3704
1908
4776
6948
9894
11331
8389
4895
11621
6852
2029
11332
2230
5028
6106
2015
1315
4770
8308
5281
74
2903
5583
3129
8917
6304
1660
2690
3966
1945
1739
10308
3013
5434
5400
4529
226
8067
11168
7505
1563
9458
4058
5303
1611
10420
10549
6208
4851
4974
2257
563
1847
10441
10818
5308
4962
8297
10997
4328
7472
877
1320
8349
3218
11419
6546
4352
5442
2416
1488
1926
5846
5777
2825
2074
2087
7717
6875
6777
9957
8610
6363
2459
4667
6599
1965
4919
6928
2608
8682
34
4092
9602
4035
6722
7995
10485
5549
9568
4871
4357
6925
8033
774
11417
1252
9465
8485
6213
2090
5881
8706
977
1836
2743
5757
135
10889
10834
2192
10459
7107
4004
2682
4493
5493
7761
786
4147
3732
2945
5963
11035
6477
2723
1048
10974
1732
5558
704
11664
11681
3538
8973
1628
8186
7579
5096
1036
245
209
467
4859
429
11488
6765
4074
9677
10916
8574
3388
1631
993
542
10806
3000
5078
8038
4121
243
2188
11307
3232
4125
4550
4295
1952
2144
4108
7927
4369
3610
10949
11325
6772
6700
212
8393
10780
5577
6732
4076
2567
1233
10429
6640
9080
3580
4419
11244
4400
1220
11433
11118
7668
7798
5039
8007
5309
3540
7139
8750
4679
5103
4176
9042
7496
6216
8134
286
3487
8954
7401
4601
8111
1015
10371
4940
1434
9302
2886
11129
1636
8320
10998
6084
8908
610
7902
7958
3093
6233
10073
8887
11480
9869
1691
9788
11008
1959
2370
11591
6184
3322
10186
4140
976
6380
9636
5375
4968
1318
1610
137
734
2728
5563
491
574
10089
3254
6681
1626
10720
4779
4368
11626
11048
10391
8572
6584
4692
5062
714
6004
1980
11616
6215
6899
9429
7172
10193
9838
1879
3565
8356
5749
2805
2102
581
890
11513
1139
4584
6118
7663
10836
3932
3861
4822
5110
8147
9905
6391
7904
3725
6945
3149
6548
4457
1002
323
942
1738
2880
2521
4100
5204
5649
5766
603
484
1901
2141
2431
11578
10562
4117
3043
7350
11061
1205
11275
7065
8228
11598
2350
3411
2203
2289
3385
5323
206
6097
7549
1014
6009
6194
3126
11203
4150
1675
7980
10174
2362
5891
1052
167
6960
4810
2456
11400
108
7417
10557
11474
7031
5242
5728
5076
8857
10195
3313
8425
8859
9160
2131
6800
3346
6146
3002
863
9967
4701
9674
6889
8903
7314
7519
9854
1028
4526
198
9394
4407
2216
4112
6671
8608
11227
10905
7956
2652
4854
2361
6957
7351
1920
11518
8731
6051
6513
3759
7490
4535
11002
6909
10848
272
2143
1258
4239
11151
3455
7595
2008
3238
1110
11280
2312
3669
10927
10723
8842
7873
9387
9979
11595
8405
8206
8678
9447
11586
4207
2624
7113
1076
8652
324
5201
1600
4167
5747
6310
4148
2197
2430
10548
7023
7128
8467
2050
9324
2873
11069
4877
9889
9750
3390
8726
8535
5809
8984
1597
5431
888
9556
7657
11049
3394
8266
11491
7212
8599
2273
2739
2258
4069
5834
5481
9424
3935
10732
4790
2166
3784
3748
8938
546
8989
3173
4647
3009
11019
7599
8854
11153
8130
10606
992
5393
5704
9097
8931
1193
1435
3159
10004
6590
11136
9886
11239
9872
3006
10860
10948
7050
9488
8806
3211
2134
10400
6754
2136
332
9706
1897
10920
10494
6392
690
2572
8529
4527
8089
3105
4185
10691
522
8534
1572
8333
1418
6222
8172
5873
7890
10361
5600
9808
5727
9767
7801
4913
1981
2779
3896
11424
6100
11039
9526
3331
4652
238
4855
4124
8409
7850
4665
2022
10729
4724
10509
1165
1216
8400
6157
5107
2906
6173
7735
7703
8487
5604
1604
6266
8143
3509
7463
10445
5853
5237
10903
1244
9761
9023
28
7082
4598
9426
2063
8814
4490
4912
8795
6526
2322
6920
7426
5474
4313
1710
10797
3623
2247
11607
2556
8948
6727
10706
4889
11171
11329
10279
4487
2183
3099
3294
8279
2716
855
5699
1009
958
11080
10979
6936
5898
11106
8433
9284
11462
2980
4130
6768
2815
8767
5128
7084
6460
2929
3371
8204
2852
7747
1186
10864
5402
3084
1857
2790
7092
11282
6759
792
6858
9159
2319
9500
224
779
7462
8567
3213
7371
8110
6451
1865
10498
9958
5874
6886
8003
1889
5543
5734
4513
3653
10455
7893
5257
10194
10096
7363
5785
2872
11448
6333
10245
503
9437
9662
3454
8261
5554
6056
8410
1380
10108
3929
4615
9796
9998
4481
10210
3439
7868
8298
10362
6076
7562
11504
1674
10826
3443
1782
6035
1276
6655
8741
8157
10713
8720
4897
6774
9314
5848
3606
3027
9592
10801
6456
7697
10611
3505
11574
2838
9797
1365
573
1222
8499
6743
5418
1722
11115
7162
3003
1688
111
5248
9739
5053
709
914
4792
1215
7814
5192
7053
6316
7291
393
3256
7473
9878
4
1080
9692
10463
3431
10782
8618
9763
8456
4022
8638
10933
7067
9668
1470
11361
1789
8743
577
5768
68
11464
728
9118
4641
8655
6651
9341
1767
262
4173
11556
1551
9406
10402
6223
8662
2016
8303
6142
8656
7127
1479
10958
7680
4409
1031
9810
3712
1502
5883
1861
11618
2645
10990
9835
10299
940
2771
8401
4450
8021
6025
2472
78
7531
2654
3201
230
4431
7423
9504
6505
9092
6644
5698
1375
5884
640
730
2010
6396
6847
693
5433
710
5791
1890
10234
842
2259
6885
10962
215
170
1810
1939
3957
8439
3974
10510
2721
6044
10113
10288
10703
2766
4462
6749
2119
5177
7546
4816
8979
396
5887
8959
2832
8373
9807
8347
9616
3423
6991
1736
7772
2381
6402
9098
2737
6532
4018
1595
8753
995
11253
1324
2088
10452
1386
5244
1863
6305
10025
9672
2493
507
6465
4068
1676
9168
8282
10698
10908
849
7422
839
2898
6519
4879
2597
10887
9133
5354
6552
8911
10067
8811
1521
7013
10810
7905
6662
2269
9678
745
6246
6908
9246
10318
6699
1185
3352
6704
283
3376
2419
9443
2889
6538
10164
3090
1360
485
1103
279
11507
6977
9067
436
6220
667
11166
8260
8019
6143
7670
11479
7153
4643
5918
5470
11396
4205
4838
8316
11284
9963
3947
4234
8543
8252
3290
5806
750
1682
2810
2505
7942
11302
6898
1168
642
1869
9110
6854
10374
569
7240
1886
10553
3909
11263
11092
8888
7822
6872
4375
2401
5831
2702
4327
4002
9760
3334
10807
11531
5502
4681
3887
4045
2243
11328
1239
8453
10697
10046
4329
328
3880
4303
8049
5131
5797
8004
1228
3560
4718
8648
31
3755
8933
11447
9954
10236
7537
11511
8422
4397
4483
7965
7756
11506
8087
4973
10247
11380
10042
446
2101
4636
5675
9849
8886
9141
6473
919
2793
8319
4942
7184
1093
7630
9315
11372
5071
8847
11565
6189
6457
210
7026
9893
7035
708
10563
5325
9035
242
7548
4575
7405
2500
2477
6632
6099
7857
3889
401
9676
7527
9475
10805
7676
5316
190
541
6537
11367
2466
277
7134
8822
1846
7041
4966
8301
6302
4320
7813
7935
4030
6134
11343
432
9956
476
7984
5385
410
5370
8416
6736
7253
7880
9769
9753
9000
4031
5422
9496
4914
2919
1696
6440
11182
5383
619
10931
3813
7932
5526
1226
1112
2224
10406
3407
4638
4317
6972
9436
9015
5329
458
10726
1398
6720
3316
10632
386
9593
3991
3586
7923
9484
593
9858
7872
897
4027
8055
11624
10743
6734
3530
9163
10095
6170
1336
6372
3153
7525
419
8537
7740
6501
3763
11676
4330
5700
442
1169
8544
5841
392
10143
6634
9055
5195
5903
2579
11685
207
4026
4983
3996
5509
11405
3617
3436
8636
5210
9596
7250
3363
3582
9529
2819
5620
205
8550
184
6462
6489
11099
10454
10969
11030
8351
10921
11526
8018
72
1783
4580
9859
3118
7559
10338
4534
9423
374
8856
5091
1385
7500
11314
6055
5656
920
5837
2860
2315
227
4332
7368
3949
5917
10675
11459
10577
4153
11562
5994
5287
11174
9152
5683
10858
2168
8335
6075
405
1833
6242
701
165
11485
3598
665
10218
7613
9361
8585
3477
5369
10220
2936
5793
6350
4518
6726
6728
9688
259
7638
3134
1503
9795
9512
5647
5753
11152
5857
7508
2082
9832
2231
2671
3661
7817
5226
9561
1195
8531
651
5035
9270
1408
11707
6237
2193
3583
8673
7690
3398
9076
1566
8075
7185
11362
4236
6918
1977
3542
9028
10428
8651
6773
421
777
2970
3255
3219
1351
6087
6342
9367
3817
9966
9234
8114
5403
5006
9007
8408
10384
6162
6888
10116
1428
10033
2073
2775
3239
4498
1242
8961
7662
7256
6414
10637
6702
2998
4128
2865
6841
383
7776
27
4639
4720
2341
2002
7709
5731
1542
887
8519
3662
10215
8667
6853
3985
6792
2742
2196
9250
1201
2692
822
6196
2683
11278
5411
2754
5046
9059
9909
10868
7282
10880
4278
865
9470
4964
9890
5897
8848
11033
2595
5456
2282
5378
2504
4739
3963
2725
10356
6357
181
951
5851
1975
7777
3856
3926
5012
327
3964
5842
6027
7900
3750
7370
2628
7333
3701
9391
9433
10208
857
10436
2580
1729
2233
3801
1459
9351
4603
2947
2685
11553
6405
10526
4954
10671
11573
1835
1821
5579
6659
6341
8479
7901
8803
5093
2226
8326
6902
3253
44
1156
6238
8269
3561
3442
10980
4347
7752
7268
339
5413
11172
3961
4219
5527
11334
1044
9933
7501
6248
9228
6556
6703
319
143
5310
4212
3795
2549
1058
6404
3970
10774
6937
4439
5119
10985
1184
948
2353
7607
7366
1343
1257
8113
11539
9176
994
9380
11119
11515
11072
8358
1496
3037
9239
11086
8549
1473
10160
10835
2663
7008
2067
2302
11712
5179
11301
2036
38
11687
6884
10166
4349
9371
5315
6804
6045
5457
4254
5299
6303
9281
9165
10898
7271
2808
3960
2308
8153
1061
1465
10487
2412
186
4322
10847
4429
5586
4406
8718
376
2030
8703
490
9748
8162
8133
2288
4378
7992
92
5404
1627
2609
9100
2633
11633
738
5679
2142
381
4299
11342
10721
5732
662
3212
2272
3877
8202
2733
11665
2145
1731
2415
6323
5262
9373
4430
633
3738
7267
5394
4883
1070
9079
1322
7494
10660
3546
10133
598
6351
8423
1329
33
1638
9
3140
524
6131
1964
1685
5506
3521
8330
3499
6630
8220
4019
11221
10915
9297
3836
7310
3522
5473
11437
4585
3819
1540
7585
9008
2508
110
11335
345
6517
1444
775
8184
2911
7442
6654
7275
8835
9083
861
7950
6752
10395
5822
2699
10853
11535
9202
742
2765
5830
6176
3387
1132
239
4774
6786
7440
1484
4842
271
8175
7325
4455
1753
6172
10523
11407
3185
3592
8095
9124
10396
886
1213
10619
8064
6638
9038
9178
9833
4888
9411
4952
5517
10981
5021
1183
5971
1973
4260
860
9128
5709
7852
2515
6926
10397
48
1689
4690
7808
5692
3722
10230
10550
9479
8943
2451
5654
9543
755
10590
2176
3078
6745
3764
6543
7345
5156
10882
2553
7693
1083
5251
11620
754
3630
6628
9826
9712
4337
5080
1178
7511
10118
1574
613
11569
6911
10991
4248
6714
6288
10699
11605
1816
4623
9256
4340
6264
8722
1106
1870
11001
4353
7961
8277
2113
4500
10088
5950
8613
528
11122
6578
6802
9122
5362
7377
7940
7395
3056
8849
3634
159
6625
6062
5152
2053
8843
8555
10154
5858
10260
6298
6468
6685
1180
4038
5189
1619
8017
3564
5042
2616
527
6923
4274
10016
1614
5594
7260
7129
10484
6951
6079
4010
3242
4290
10243
6905
7517
10469
7459
1212
11226
8708
5923
5528
5680
4182
1118
1805
2982
4275
4823
9483
8144
4971
1548
819
3382
1911
3496
6716
3625
10411
870
8271
8940
5639
9553
2735
6850
1527
8916
5817
4469
4000
7161
3888
7074
10211
5037
5912
5038
11346
11089
2541
909
10734
3834
4715
5855
1559
6500
8388
1389
6938
7855
1589
5808
10569
10039
3933
1326
3178
9446
7577
5589
5861
10551
11266
7099
5755
9277
10504
8791
11486
10633
11311
7429
7000
7408
11369
3426
9534
9461
3026
2470
7326
725
8300
1769
2140
4687
3777
6611
1962
8225
9924
3986
1181
4634
11261
4858
4587
1447
5074
8066
8977
3733
9040
3083
3291
1384
126
10144
4637
9841
8315
4805
6036
5169
8920
10560
7421
7150
1264
5348
11326
6346
10952
9666
4265
6942
8941
8187
4657
3174
6980
3965
1828
987
10534
5949
7251
7147
2245
2098
1305
9053
5133
1466
1155
9210
8685
8402
2803
10385
4496
5779
498
4782
6423
9036
7006
6206
3064
7557
477
5067
10665
7711
11133
3040
9307
8026
8631
4955
9318
6842
1841
3700
2075
1843
4670
5800
4683
5591
3694
6390
2976
10800
719
8964
10011
732
7781
11271
1700
4434
8604
8637
11241
9917
3189
2897
903
9683
7830
983
11422
4996
3667
4382
6997
10861
9816
1755
3298
941
5220
248
7739
4648
3460
11483
5376
470
3684
3110
8050
4908
6272
5819
249
7119
924
4611
9793
534
1881
10478
2907
11519
5762
9673
9211
4554
1053
1586
4102
6973
8231
5055
4632
5531
5939
5361
2386
9984
9573
3884
9471
3832
2344
2327
3596
8944
2905
11059
464
739
3497
1701
8274
611
2091
2573
5472
4057
2996
1288
1715
5744
4138
10209
9646
1410
2236
814
208
1445
136
3234
9900
3305
7951
859
8769
2117
10450
2271
1993
8825
5986
8285
6770
10873
1546
5475
962
2915
9587
10097
5794
3782
1357
2958
8945
6709
8522
4644
2618
1198
9790
7578
5810
656
5438
9632
7694
2574
8131
2885
2093
11551
340
2550
1281
11692
10559
8226
6295
7358
3101
9099
749
10900
8348
9014
9081
11281
10444
5448
10244
2745
11577
11708
2241
3310
4341
11180
10620
2713
2814
5000
8469
2503
5451
4867
3430
10410
8930
6139
8394
6444
77
5544
11357
10446
2025
17
7413
5814
7566
3906
9087
8248
7085
6236
10863
4241
9286
1760
7934
8046
4152
4911
5441
7283
3453
5115
1077
7634
7651
1555
11653
1517
3533
3939
2555
7312
10415
6038
10994
5200
10227
4705
2083
3730
10495
2851
6591
5619
8557
6271
9942
1144
2563
10926
3962
1254
6955
9467
3792
6975
6959
11375
7513
2791
7780
5752
4831
7022
5996
6848
2531
1584
3275
6569
9130
722
5143
6763
1283
5266
4441
6855
9026
8641
2242
740
11299
5938
11666
530
5972
9831
7611
3607
6836
9033
1669
1637
11290
7382
1972
2445
9478
1062
10138
7353
8575
8246
7755
2901
8288
7828
1325
10841
2642
4907
1290
1706
2986
815
3800
6708
5246
1267
9487
4873
8804
3790
11601
8661
11164
6286
1913
10758
6725
6448
697
8715
7867
2546
5069
8845
1711
762
4114
5415
11630
1224
6408
10823
4669
1801
8154
4932
1534
2835
11351
3360
3713
1838
449
4597
10363
5877
11150
10050
416
10793
6897
2660
7769
10272
7976
1271
6695
3554
11661
3604
5765
1377
3787
8855
9630
8070
10625
8775
2462
4381
526
1038
10413
1766
11393
1214
10602
11725
10767
9265
6002
9185
9311
9823
10297
8072
523
8657
7468
9689
7832
6160
4292
57
5144
9730
10650
11250
9817
7143
735
7608
4405
632
1116
9189
2673
10467
6096
315
4799
5703
6673
6478
1382
559
8957
11188
6488
7352
2089
11389
10223
5712
10229
8660
6823
10119
790
11683
9171
5505
4408
1064
7403
6531
3194
8343
1391
1187
4383
3753
7458
695
3386
929
644
1849
10453
9851
344
3276
201
1263
81
10282
1954
4931
4242
1713
2186
9932
2523
4440
10355
9540
10695
7948
8862
811
3558
9132
8411
1050
2252
3196
11498
1758
11233
3074
3341
8414
11572
4086
8227
1108
9145
4947
1443
6482
5154
2265
8902
8436
1894
3720
930
1339
7483
1564
11376
2848
1143
5455
7977
9093
10277
2429
5010
7075
9555
8801
2844
3012
10030
8182
11276
9727
4416
9095
6674
1891
10094
8141
9741
4338
7674
9440
7563
1529
3309
3389
2189
5552
3599
10321
9971
3590
10249
3484
6690
50
3736
4661
9193
10006
10587
5541
6101
7749
8376
82
11220
394
2644
7648
8158
10819
4145
8532
7807
7302
4985
9898
5627
11644
10907
8086
5522
9448
9463
11409
9913
11025
3162
2674
2625
6837
9241
8378
1498
5799
5322
645
11657
89
7357
974
183
5578
4606
10276
2199
4616
2511
10790
10977
3465
10595
3936
9495
6844
1678
8623
6282
9384
11602
1640
1312
833
5686
7906
2249
1154
9645
3461
4566
6687
7028
9733
9825
6007
9604
3297
1632
3070
10018
7057
1056
8375
189
9503
7985
3191
3998
9166
7246
8709
11443
10189
9896
7701
6984
3317
3214
7633
4118
2392
1927
2626
10307
10647
5015
11536
3977
4896
1328
6217
3650
5203
9379
3216
7866
6226
7990
7141
733
6788
2059
1524
6094
9232
8002
10910
267
10930
8284
2007
4544
4084
2305
8759
2427
11524
10285
2823
5739
51
8116
10271
10477
3438
6122
9563
9506
4980
5150
11522
2020
963
10575
1947
2957
4263
6476
3152
11667
11057
1023
3143
10262
1287
5847
6580
9805
5961
9641
7988
2695
8155
9340
4605
3133
4460
9577
3543
8445
5778
3471
3556
9682
10984
5365
9060
4800
320
6623
3791
1856
2000
1867
9294
2649
11549
5672
6250
6596
4070
1142
3922
9652
3324
3231
3343
6161
2664
2072
4899
2569
5978
11187
6921
11529
10083
5670
5350
4136
2449
2124
7609
7610
8577
2499
4836
8800
5689
6669
11315
5593
5598
599
5976
7319
10175
1374
5546
7870
3978
583
6070
7804
8985
3203
225
2912
7661
4845
7971
2899
9715
4023
4562
2545
4432
240
10109
3911
8060
1012
5349
7994
9266
1936
5234
466
1892
6461
4401
1368
1021
32
274
10439
6209
5219
8515
4926
1819
9366
11218
7274
770
2068
6174
9150
746
3277
5523
11617
3402
103
1338
4628
5585
6857
3124
4244
7625
568
7415
5396
7877
7765
4197
9428
4589
10392
3314
10221
9188
6133
1392
10337
11484
1149
8321
2773
7165
6064
2071
131
4963
3611
2593
250
2959
2789
2876
9156
11628
10476
10505
5077
1635
11632
8536
6337
10232
2180
11384
6828
6978
3450
6961
8051
9372
7387
9922
858
7732
1092
3374
9959
475
9393
11552
7066
3456
10409
10993
4910
7171
5694
5132
3710
10802
5238
5998
2406
7386
11217
4958
8897
1909
47
4473
766
4388
10470
494
6686
171
6063
5748
2032
11654
3553
7818
8986
2291
6211
508
873
1630
2056
4551
5127
11240
499
6052
6420
10024
8074
629
8337
4220
5957
3428
2968
2769
8746
5628
2358
1726
2904
8346
3348
5631
11470
6285
7037
1227
4972
11340
5538
3988
8601
8030
8263
10071
5852
4727
349
1342
6258
1842
6541
10203
11391
9644
9776
2827
3876
1350
5335
76
3413
3829
11451
8725
7249
11426
10683
3644
9610
10430
6612
944
3863
1159
1235
9791
10896
7999
5198
11600
9498
3506
4200
6446
7475
6049
11395
1704
7424
4777
5783
11154
902
3372
8925
776
156
3614
4977
1822
10995
2924
7556
6201
9248
911
7151
4410
7051
7068
3544
6019
9153
5645
139
3636
6300
3246
2376
3502
4880
3837
10304
9642
8476
8079
6439
7301
2811
2997
8291
2171
10895
4860
1656
486
592
2255
7692
11704
7073
4516
133
6602
93
10610
3295
4132
2137
4861
4326
4448
7645
817
8860
7978
10111
4890
3215
674
1599
2382
4678
4622
5033
5489
6834
11606
10134
11709
3870
7959
10718
1999
1401
3500
3482
9721
4662
2587
6707
4894
8533
10110
7170
5807
6609
11105
3048
2208
3206
4374
5061
11289
5954
955
9230
9291
8338
9789
8052
10829
7540
4709
5112
4672
3575
7355
9679
1317
11537
5878
2785
6012
6813
3406
2454
4925
10678
11139
3512
6608
4565
8710
6565
11530
3059
6436
7224
2987
1516
7805
11703
1114
2407
8896
4553
9633
1875
4476
8253
2017
687
9201
2004
2620
5099
1944
6429
5466
4586
10443
1668
2110
1575
9139
1474
10051
2133
2528
427
5188
5338
2679
3220
7464
10787
9834
3946
6806
9999
3347
5576
2351
7810
9190
879
2917
9135
1047
7305
8502
9605
11684
9154
10631
1845
7669
715
4559
11142
11533
59
216
9663
6954
6259
5534
3478
7639
10205
11345
10786
3808
7843
4525
2486
2443
2651
2155
9195
415
7126
9614
3761
3237
9722
933
2796
2444
3165
8603
3703
10944
4494
1969
6491
9377
9700
1799
7783
8311
4373
9599
4064
7541
10423
3375
5494
1456
10719
7232
6616
8921
348
1346
2400
8497
572
4053
10670
237
7072
7629
7280
2686
2675
6375
759
1292
4426
5215
311
8510
7384
1004
7396
10056
3990
7103
10060
2586
7076
1859
8289
4482
5575
4866
1702
6919
2389
3089
4748
7800
3263
7968
10956
6060
409
2532
2530
9995
5339
7324
8980
6293
7196
5721
2095
10912
363
6125
4478
11050
8914
9243
6697
4392
4075
1988
11473
1188
3938
9090
7871
716
3204
631
7372
196
8236
2724
1851
10250
10854
122
1728
11348
11052
9203
7452
8103
878
5532
1475
4740
720
10471
8382
7888
4115
2943
7447
10124
9066
6504
7014
10036
10263
5085
1150
9903
4237
1208
11127
7820
5213
1018
11492
7104
10656
4335
2783
3125
7605
11016
6547
9138
6816
2635
11592
8390
10764
8997
7292
7898
5174
6083
8508
7290
10155
4246
1387
1940
2148
3904
3591
4266
8737
369
3155
11067
5090
7849
7400
2757
6969
5838
1781
1298
9353
10850
1968
6032
5331
2404
11658
4960
1750
10681
7062
571
7938
3740
4834
1703
1684
11024
10521
4262
7963
8201
5135
637
502
2080
3992
2661
5864
4721
612
1581
10191
246
7420
1099
1695
5426
10251
2174
3017
3609
7010
4646
11397
3545
390
8765
4477
7875
10564
2812
4699
6466
8307
7069
1608
536
9304
5499
616
3953
9045
7815
3260
1167
5908
6557
1815
10755
9600
7243
1664
10544
6469
8350
6916
3709
7038
826
3182
1217
818
8090
8981
3014
2484
5282
11040
7114
8459
10377
5816
6128
2953
9734
7603
6992
1327
9262
1294
9213
12
5947
10389
782
3823
10332
6116
2422
9710
5566
4944
112
6506
11502
10084
9519
1075
6570
10500
11053
6551
3311
3551
118
1438
3982
5355
107
4884
6490
850
7575
8971
8344
5718
3523
9121
10653
4610
2060
2413
4686
4287
917
1433
6362
1650
3119
10535
6894
9357
4223
8777
7859
2368
1172
3768
3871
455
1997
8976
8191
5801
4083
4766
6645
698
6755
6479
2974
5975
8241
3682
9400
9444
1059
964
1157
9576
6017
9811
10315
3345
10499
5708
2543
7198
6331
8461
10518
2394
9906
4350
6453
8458
10987
5289
1066
5450
7332
5688
6761
1340
3885
2393
905
4449
5661
9290
3115
8098
9649
11575
7174
4695
2780
9977
10233
3447
2452
2461
2809
6023
9723
2577
1545
3840
8385
457
1482
7591
1274
3928
39
1827
9794
4224
505
7582
7558
11293
8188
10309
5467
9588
10757
2895
2435
2988
3999
7533
9709
1095
1679
4480
3301
1742
1107
7298
3491
5876
5106
5009
7017
11688
5622
8152
4754
6583
1148
4232
6636
2195
9199
5710
8020
3148
3063
2348
904
9871
8524
8367
677
2697
9222
3069
3752
9949
9699
7100
6422
5298
1955
11184
161
3969
2492
5372
8276
5682
4502
8602
5075
8443
5380
11083
6892
825
688
1567
6163
741
3508
8457
2748
7123
3783
176
10418
1138
1449
4987
1740
8245
2658
8036
10378
6426
10945
11371
11543
11011
3224
10772
4165
9051
7528
1161
4809
4864
8323
2194
7307
1209
10831
5463
452
8630
10576
7288
8383
3075
5386
7481
5359
3240
6355
669
7021
7383
4956
7416
7840
4302
7116
8649
9862
1406
4343
1514
1570
3744
868
7812
7341
8597
653
1747
11274
7604
8700
2220
9364
9590
7448
11304
9962
11352
4312
3221
3308
675
9427
1834
5580
9472
10352
8919
7913
9685
8159
3321
2326
2387
4688
4161
9242
4361
9579
6397
9897
11158
9217
6447
10009
4868
8318
8099
829
1311
322
6661
6144
668
8895
8590
5932
5003
6530
7311
2261
285
1803
9299
4133
7020
9923
4103
10739
4034
6521
6186
8547
3112
385
6646
11167
8243
810
7720
4061
2383
8674
7430
532
2507
9096
10342
10065
5691
2342
1550
2084
7258
3685
3210
1578
4324
4380
2218
6624
1164
4965
11018
24
699
8924
6721
9024
11386
4710
8890
1617
9021
7455
663
4458
10093
10657
9108
1733
8313
4878
1409
5828
4812
9766
6150
9179
2962
557
8526
10520
3057
4391
11031
8516
6811
1345
1402
1490
9347
8581
3772
362
337
9022
3186
5014
480
4403
1396
5307
1469
9220
1718
3244
7921
5969
6733
10769
8513
7091
5911
3104
11094
2408
10149
3895
567
6497
9960
1045
11287
142
4284
3758
747
2425
1121
10542
3187
7049
1725
8573
6452
7369
6665
2655
6192
6680
11648
9708
9502
4444
6190
1705
3927
7881
11093
5227
3092
9260
8583
11699
6963
7762
1560
8235
5304
595
5171
4501
1255
7009
10489
2076
3920
3547
1797
7856
2960
6085
11645
9289
6713
783
11477
5997
3111
3501
10749
8778
3068
3678
6688
7555
10294
5697
9818
7486
5633
6601
10795
1378
8642
10540
1687
8280
9501
8043
10273
7179
9071
8150
9809
11353
6267
3689
10239
10612
986
5605
7569
10336
9623
9756
10207
8219
5120
10704
5208
3715
3618
2784
7154
3664
10655
3550
7863
3021
11669
5126
9597
4545
5435
2215
229
7672
5462
7827
9567
5060
7821
3851
2307
3425
6950
8396
10181
11560
9043
5420
2513
6388
721
7015
11638
5082
9073
9934
3019
2927
2129
3624
5427
2414
6943
4194
10973
1809
1721
7327
2306
5134
5357
9057
3495
1639
5117
5008
9964
4387
8738
8928
9583
5186
178
5702
5892
3137
8739
10002
8829
7004
2447
8329
4127
2736
53
3122
4005
11295
95
2727
8366
9987
6121
7313
10180
5172
7964
3073
8871
6360
9352
7488
9842
4339
7529
2250
6276
9694
368
5484
3445
9392
9331
8627
5719
9935
6934
723
6425
6941
8659
6964
5668
7252
4190
7970
3858
192
7742
10872
4572
3273
3739
10589
9068
11431
4366
5835
8754
7571
9158
4957
10651
3358
7760
42
6421
4887
8446
3302
2833
11350
116
8124
11126
3272
1523
10451
9490
10161
6594
7758
9258
5410
8794
7989
9247
5634
6104
2270
9285
6781
1020
5629
8232
947
7039
1641
3479
1882
847
6932
19
4049
4245
10543
5781
9945
3287
7678
364
784
9009
10986
5751
2667
4969
2984
6694
1268
4768
10158
11691
4131
11713
8273
2965
1995
9094
3333
9085
10479
2842
953
6200
2750
1724
6896
3643
83
10865
4171
2115
11004
2606
8955
8818
2705
7593
1813
660
10466
62
7538
959
9301
2369
1442
1032
97
264
1762
6138
9657
6154
8360
8852
5775
6831
8115
10966
10122
3853
10506
8078
11262
9422
3098
9728
1073
3020
5161
10327
7504
4006
350
10150
276
10508
1383
1620
5741
6207
5490
6354
7860
6109
9839
140
4784
3222
4414
4717
837
1225
2346
3695
5693
9155
8256
9853
10241
9532
37
11696
10496
3469
4385
6114
177
2225
3529
7137
11444
9235
5222
8080
5626
6585
11297
4505
306
11160
4841
8841
4811
7188
6512
9481
6516
4192
26
8477
4789
6967
9661
8927
9902
9613
1489
1471
8606
9989
10639
3517
6760
5824
3903
4853
4222
9746
6798
3756
7034
11211
7211
174
2001
5333
9077
7343
11414
7106
6877
8947
10286
1745
4428
8952
2691
8894
10107
1537
5899
8484
9192
10545
1878
10754
6527
11428
2519
127
1321
11028
504
9088
7118
11354
9329
5907
2037
2248
9578
1652
6833
9062
5763
7498
8853
8295
9847
1848
1485
549
3997
2116
6260
4863
3329
607
9560
1761
5547
3828
99
10330
883
8024
6413
8760
1493
11140
3292
10693
2849
6297
5910
5259
8907
2190
11377
1405
4230
4415
3548
1060
251
7666
707
4697
6234
11310
1147
5815
11668
7052
9887
8296
4576
3541
10712
8194
9804
575
7360
2426
11677
1854
594
8807
11674
764
8377
4745
8293
3745
435
9205
780
7789
10775
1853
10173
8039
10449
4363
257
10552
10196
9591
9018
4783
8798
5294
280
3723
11468
8368
7248
2474
11236
6013
247
2720
6648
5882
3535
11496
8851
9403
1868
6618
6152
547
6522
2120
5621
882
11113
5922
106
10058
6741
8027
8126
7543
7691
628
7032
8094
7823
5872
1752
7045
5235
11185
11195
11394
10408
8560
7437
6555
266
9279
4935
989
9867
5280
8808
439
10438
7046
9030
4346
7728
8982
8244
3086
5255
1457
3320
8120
10885
1330
8771
2011
3045
871
846
1451
2473
7054
3095
1852
11206
4726
10684
8082
6635
9476
4978
8913
5036
10266
4560
11148
5260
7612
9702
5519
8217
3754
9072
4470
4640
4367
1430
11429
10623
10381
4296
5284
3085
373
3474
9499
3403
4172
3233
7061
294
5501
10256
8797
2139
5321
1800
500
157
8992
147
9509
359
10955
6400
659
6240
8340
969
5913
11571
9240
3765
236
1432
7450
2223
3868
7656
5265
265
6407
2065
600
9557
10013
5936
2799
9410
6787
4252
2759
41
9938
4991
7835
3281
4915
7960
10048
1692
3132
9626
310
3691
8354
8324
10047
7404
7846
6431
2178
10640
3108
114
9368
4240
10768
5146
3493
11023
7586
10163
828
9339
6003
6132
9017
2228
3647
4270
2687
8272
2925
7191
3526
4282
2501
894
8766
10437
10422
6175
5717
10015
10037
10629
7063
3866
7551
1907
4492
3139
10648
1526
6225
163
4651
10165
10940
7306
2566
8740
4778
8878
3816
1966
8053
358
4791
4001
9117
5813
5419
1543
5927
1041
5319
5553
3514
6438
8281
3924
10815
8932
296
4256
317
7470
7294
8357
2816
931
5218
3731
4384
7506
2963
4569
8441
5565
10092
1295
8507
7376
10222
6971
9996
1900
5252
7734
4604
9183
2464
4524
4891
9961
3262
10530
11651
2211
615
2339
9606
1817
11330
7786
5446
8699
5641
2158
1025
10085
2039
5773
1850
6472
787
4992
6917
3377
10809
684
2967
1098
2373
2179
1314
5513
2979
6066
11554
4656
6766
7264
1085
5796
8215
8566
10242
7787
9113
889
3230
10798
233
982
5345
673
4706
1163
8872
4684
4497
1492
7750
9208
2822
5644
9634
1353
10531
692
6642
9552
5930
9544
9016
3225
36
11205
4592
2637
10579
11493
5121
10204
9716
6365
10176
6432
4850
1024
2802
9525
6487
8752
9595
9743
11137
2514
3577
838
10027
7757
2320
10799
5943
7698
5406
5397
8198
1017
2301
11510
70
154
11014
1840
545
10135
5149
6343
5217
6838
11243
3681
757
1982
3146
6485
4617
275
8342
6677
9326
2455
2054
2665
2516
4253
4475
9172
8962
2908
5715
7338
5398
8123
7445
4961
1105
552
4080
6643
10954
1100
6182
9037
6281
4433
2598
6153
11475
1707
11192
444
2317
9013
5129
2914
8634
3619
10035
9643
2448
8863
4719
361
10394
2440
3410
8704
614
3022
6679
2888
5909
1175
231
7908
5960
10078
10358
11642
1293
11198
1170
2042
10731
9812
1412
335
10570
5722
9625
8643
2439
2693
4769
6427
9120
7620
11557
10284
8042
9046
1577
8101
6183
7574
60
9334
8967
1081
5051
6230
4685
8073
3659
2678
10794
6065
7912
7667
260
11634
5974
3799
11365
7097
6416
671
11277
3396
6689
1089
11056
10081
8846
1744
2639
2756
4613
3934
11286
9703
11110
11635
356
3873
9466
3893
5414
6650
5139
1261
3680
5088
6265
11054
6876
7259
3687
10082
6168
4750
10996
3205
8268
7081
8993
8096
1008
4028
9435
7295
10
4258
3355
6043
3399
3378
1487
1919
1837
6415
4746
3657
7287
6979
9221
3793
4522
10432
9065
7753
10287
9344
6652
2981
6069
8102
8292
162
4215
3158
351
4351
7158
4051
1877
11006
11663
9631
10840
1297
6454
9218
10746
8882
9870
400
576
3796
4438
10603
2839
9937
3451
2467
8257
8831
6576
7930
9580
2870
10126
11199
7594
8650
966
11324
4189
3350
6666
3054
9317
1035
967
5278
119
5562
10431
1780
10687
4229
3415
3612
1082
7844
7469
2764
11440
2536
3106
3380
11458
4590
145
8966
1284
2329
4334
2612
10292
4676
6927
7547
7478
7142
7467
11269
46
10556
1756
3282
11045
1568
5860
5454
6441
10053
6077
6866
8212
2786
6410
1538
584
8312
4825
8541
5476
8104
7973
1887
11512
1741
744
2613
3954
10701
9953
2380
1440
9548
5567
1924
2324
8787
6369
9895
9787
621
9523
1938
5564
9658
606
10852
2930
10554
7293
5636
1422
9747
3918
2200
7300
3660
5856
6115
10214
1791
372
7726
3975
1654
7819
6136
334
7997
8956
1065
6492
1790
222
5267
6218
3520
4423
195
4447
1074
9901
8371
5905
3916
7222
9237
9395
11029
10190
10879
9044
7011
10405
7869
5214
2262
6033
2482
10837
10120
8742
1049
8216
4310
7631
1182
2219
8160
9280
7636
4336
10943
8355
7309
7003
8149
9082
2893
8571
6155
7502
11070
10139
7730
4394
3655
8923
5933
4055
9824
8785
832
3367
1677
1905
9161
1306
8587
8736
9936
596
6717
10404
5967
9527
8108
10811
605
655
11564
10722
8432
2364
7012
10783
2983
1331
5148
4795
3172
9904
8365
3891
2701
3467
5942
5270
2185
2232
6119
3440
4464
9814
3258
11689
9880
8761
7939
10524
1358
8240
6779
10529
1794
4556
8503
2588
7204
9365
11020
3284
9681
7047
2744
10306
898
5209
4123
10433
4876
10972
5866
7896
9564
1333
4995
2656
2666
1256
307
7175
7853
9976
4315
2560
2778
3368
624
4163
11615
892
4924
6670
10044
8713
3050
10573
367
11347
10106
10267
2476
3789
1629
4204
9164
10937
8242
8588
9298
812
6318
1335
4798
8616
6558
8010
3656
1754
1547
8904
6112
2581
9899
8088
2160
5789
1937
9253
5320
11291
120
370
998
13
6572
7911
465
10226
4356
10770
4702
5279
2009
9274
6263
321
10329
2437
9637
3770
5297
10541
1587
9386
7886
2961
9837
3654
5381
4612
459
9860
1091
9196
9608
2356
5964
10473
908
8435
3103
2221
8428
10346
8565
3241
5138
1219
2732
5185
2874
4395
2544
3250
2867
4390
3039
11149
8996
3794
9844
9687
3419
1757
1395
11540
86
3169
9363
11102
3605
9267
6328
6949
2170
1536
1616
2046
895
8864
273
4344
7914
9405
9408
7201
8327
1719
11358
4288
2374
5045
6022
5678
2086
11401
6247
7340
7618
6336
9041
4882
2994
5261
403
1645
1130
1034
104
7096
173
2126
8697
800
4729
4540
9562
4994
55
590
6742
11265
6129
5623
3727
8542
8960
8336
8525
5750
1441
5253
5825
8278
425
3024
10270
10170
1844
2928
9664
2385
6252
4052
11383
1544
8909
4619
6729
1558
4155
11005
7263
1912
7845
7833
1759
2854
7895
10198
5486
10350
7308
4169
11588
10685
11720
399
168
5311
2991
3886
7394
7512
3181
3200
4780
5979
2331
5582
7438
235
2935
10832
9873
3448
5993
4105
5539
10414
5667
5921
4082
1658
7105
5968
4519
5771
9516
5136
4819
1932
7427
1270
10975
3850
8901
2800
7155
2112
737
10328
252
3494
203
4928
7967
515
330
10345
11430
8879
11163
7862
2926
10761
10497
3567
7892
10213
2491
6227
1914
2526
18
3563
8174
232
1657
7168
885
7367
8929
5097
9416
1831
3018
7589
7809
647
3344
10735
585
937
781
2434
3686
4630
10643
9695
2993
6111
2182
6518
4757
7689
6277
9003
1903
5720
9594
10040
371
149
3613
6424
6807
9992
10458
10881
4269
9048
10252
1931
4012
794
7411
2352
4417
7773
2627
10069
7627
10153
2518
8772
3867
11555
5843
258
3016
2279
9144
11234
1237
10130
2325
4538
5904
5491
3830
4712
1291
4869
1646
11323
9049
8163
1087
10019
6915
9137
3728
7356
10049
8912
4885
2210
2357
7238
5196
6470
9157
1552
8463
3943
4208
5225
8128
1605
10813
8834
1802
10580
1764
9874
4818
7262
2295
1788
5780
8176
10490
816
6796
3945
4486
4141
4530
1467
1282
10947
965
11073
10582
7108
9223
7064
3432
4573
6879
11453
8386
2043
3080
5063
5447
6130
2480
1026
9047
11259
217
3326
8129
9770
8994
5141
8576
3860
7040
1579
7392
3062
3393
150
1970
9323
7449
5480
1372
1439
10298
8106
3995
2274
5811
5503
6744
5640
9919
3434
9638
4316
3905
7178
9528
336
2761
9325
5153
3510
5066
7245
5233
7101
2424
8056
10192
10886
3757
6202
5395
8558
2631
1804
5405
7036
2177
11421
11420
1337
9572
8511
6358
7679
1289
3274
4844
5275
6791
3420
3726
3679
7699
353
445
2599
2731
8975
3488
4323
6031
799
6604
10472
5711
3524
1520
7121
7733
4655
7909
10750
5945
182
6050
10663
73
706
652
2318
6319
7299
11612
6315
11131
9772
411
300
10212
3641
5669
384
1413
3404
7390
2804
7897
1452
7436
7216
2542
4755
6508
4386
4044
8494
5663
2883
11717
9707
4843
10812
3015
8207
4213
10061
7042
2941
11356
1200
5981
9271
2858
10059
2534
67
4162
501
6579
7181
4979
8189
10779
3306
4281
5701
5124
5840
9840
11246
9276
4733
10156
2138
2923
4742
11675
3776
9744
7414
5407
2094
8874
4067
11128
7217
1111
7317
10302
5805
2222
1086
8136
1991
6376
3810
152
1615
3525
1344
1253
6352
1935
6511
7987
9654
6564
10851
4226
3571
6257
6881
10842
4689
2309
3490
7503
10491
5050
4753
7195
7443
6011
9994
793
4775
4814
7702
1191
9012
694
4264
4370
2106
3441
4250
4113
2643
3894
3693
954
10875
5823
7480
5330
6081
5671
6789
1866
6278
1
4077
2321
441
8412
6560
5176
8789
1929
10565
25
2677
8309
6985
9651
4306
3025
4549
5167
11071
354
3534
3036
3771
8733
11098
8137
10010
4764
1898
5666
3847
2712
7410
3773
4824
4471
4196
3925
880
513
297
3779
11312
10086
10902
896
9997
138
5460
7619
6092
6463
5614
2337
8689
6801
4967
7163
9413
2198
4210
4354
8676
4653
9983
6976
8950
8768
4446
3227
540
8001
3171
2023
291
10919
2267
6562
848
6123
1509
4704
10878
87
10692
9551
769
10894
45
211
3135
1304
9031
4953
4454
2488
3671
10412
11322
8054
3762
646
4828
4033
4833
8384
2879
9914
7864
8942
7221
10146
5962
5625
4923
5935