2690
705
2184
1157
1022
954
396
899
864
1017
209
254
1127
959
780
1861
68
535
1531
377
1304
873
1215
197
1122
1674
884
567
41
359
898
2203
1788
2426
1501
2581
1114
2610
925
257
2385
2607
789
2121
1855
1519
779
960
1137
2654
1287
2313
1932
329
170
1342
564
2582
1460
1669
1185
2482
214
885
1959
2285
1767
1544
2674
9
2055
1904
464
1565
1082
2484
807
2479
1080
2009
1474
2058
1054
1646
1840
1510
783
1095
2456
628
1403
1159
1755
1132
2255
1129
1359
857
278
43
2682
2335
1808
1074
563
1285
1936
1838
1328
1387
512
341
453
260
2475
1279
386
2396
2353
2156
1055
59
1634
1905
2685
444
290
634
2105
2412
724
651
2477
2283
961
155
1589
1620
660
2383
903
2246
2222
947
720
2188
1465
792
2566
2545
929
1263
2614
3
844
1488
2599
169
782
716
482
2107
2373
1899
465
2147
1616
967
1370
870
843
988
2217
2572
1133
381
1722
483
179
497
998
1497
1395
1253
1482
955
1008
753
2451
2095
1392
809
1169
1234
1912
851
1318
1727
1585
1941
681
632
1260
81
1332
1481
114
1218
1717
1378
2427
1193
836
379
2200
1390
920
1783
922
1678
1930
190
1873
1892
2179
1810
859
2459
1814
867
2376
314
2298
108
509
1750
1493
897
2024
2309
2134
2562
1410
1593
1246
2386
649
1938
2016
286
2189
1764
2099
2346
1552
1795
771
2043
1073
1704
820
1495
1408
1223
1367
17
106
819
1800
1586
2663
2542
2557
741
654
516
1058
287
1626
210
183
426
1587
1881
1610
2706
2567
1601
1640
2150
2461
1121
1856
2259
729
2415
2117
2450
1221
2471
2234
1063
700
614
1628
26
748
2613
951
583
2683
1355
1009
1558
2608
1140
2659
188
575
1530
2178
2210
1028
722
2598
2085
415
2518
2022
1432
1784
2394
1172
1126
1181
2428
2652
795
1475
2691
900
1664
1978
52
2081
2695
2039
1621
237
2118
675
2662
1064
231
697
924
1343
774
2419
695
823
99
2486
360
1175
2264
1570
310
2008
2442
2146
2023
666
2421
969
2629
638
2282
2111
412
445
2435
1703
454
255
268
1631
2452
668
520
212
2393
25
1150
2195
854
1516
1641
2274
1237
2634
78
1452
2368
1163
1853
1854
690
31
841
1817
688
223
592
1862
2061
551
1690
2109
1018
559
167
1484
1828
1014
1870
2589
496
1952
166
82
1504
910
2269
794
1011
2669
941
1507
2609
1135
35
158
423
2390
2014
2617
2408
2645
206
2551
20
345
1038
2455
1170
1969
966
1245
2334
2409
2221
1928
196
1358
1120
100
1569
98
2019
1034
1692
2670
136
504
744
1116
2038
2604
480
2233
1560
703
1225
1965
1085
2004
775
1608
1096
594
608
270
1807
1944
2470
1026
2205
2400
1827
2638
302
766
1258
147
707
2538
1153
126
1141
683
2628
436
1691
226
1992
662
1596
1697
10
1943
244
622
274
1643
1205
1500
1730
2441
893
1301
163
1934
906
2137
225
1166
1933
30
641
1619
1357
227
1366
1393
418
19
1518
2525
2587
1877
1139
124
952
1707
72
2216
2496
1187
609
2113
2423
2529
1909
1702
2453
160
2030
1699
918
368
1483
1878
217
5
119
139
1708
128
730
1652
2091
1551
895
442
2206
2225
265
1922
1192
723
1514
2597
474
2049
414
1977
2559
1888
676
1798
1829
1341
2211
1039
421
2034
1209
89
1311
372
1821
1057
587
1671
1059
804
2532
1201
272
1274
749
1512
831
65
1517
251
1791
2026
1908
1573
1494
1968
1177
1117
537
430
2033
1362
383
1149
1272
1130
2021
420
451
1557
2472
2241
543
776
2330
199
2615
1950
1199
1720
1580
1093
2226
2439
1308
2071
1511
1413
1276
331
144
667
2466
2142
1422
2585
591
2258
292
1088
484
2661
2261
1667
905
1794
2185
1900
1711
646
1148
4
1264
742
515
1217
2302
679
2297
574
1374
838
684
1282
458
872
2689
1615
888
2153
577
1364
1431
2650
487
1889
1577
1819
1394
1738
2017
958
2425
1559
2089
2097
1842
2571
2658
503
437
1576
2635
1816
200
2031
613
1144
1239
1471
1731
1508
1693
923
2301
1871
323
1207
887
2323
833
746
1442
2440
1005
1083
1280
1077
769
1663
1995
73
633
1269
709
881
117
409
2348
621
2514
47
256
2219
992
2292
173
22
307
54
296
760
153
185
399
1002
1566
1661
1006
1333
280
70
1340
2380
2485
2406
1990
1796
1425
939
2027
391
264
1329
664
162
2413
2553
1049
417
856
1152
1949
284
557
2096
2679
1866
1709
875
156
2623
44
102
1457
75
241
767
1409
2641
2397
2002
393
2177
1086
2594
1464
380
2157
95
1732
1541
1254
1459
2129
2546
1547
413
2370
877
48
34
1453
1477
1515
1876
348
2633
1705
2307
2527
2256
1440
793
2536
2639
116
1920
2605
2354
461
2508
620
808
2431
2548
2578
773
1499
1448
2463
1352
87
1917
1001
2501
115
2692
2555
2660
1094
1568
2126
2063
2012
513
541
1238
973
616
466
1443
1809
1012
208
61
1164
456
1503
306
1579
931
150
246
1843
1677
2070
1349
1688
1455
2495
1644
1368
221
974
2656
1401
1107
606
1277
438
993
1043
1847
2173
2120
2067
2625
2619
2580
134
1013
772
883
1739
1786
1033
1996
191
1314
733
777
2128
394
830
1101
1815
1556
1574
762
1835
1758
1981
968
1113
1592
2115
164
999
1994
935
1833
1430
1182
6
29
1534
1886
1792
531
544
2279
653
2494
2462
2284
49
1647
2403
791
1458
1991
2360
2673
2132
1051
2602
2622
561
2277
279
1839
2199
862
1386
1728
768
152
1298
428
1337
2592
549
2703
2175
1715
1255
11
521
556
2127
2013
1197
1162
2325
2139
2329
797
692
467
1748
1210
1147
1735
732
425
971
800
1383
618
2029
2158
337
2684
317
328
785
363
2287
1770
2612
485
2636
1202
2359
796
333
719
1986
589
945
909
1303
1844
67
2229
248
60
2074
2378
50
130
2687
585
810
726
1513
2627
2263
2429
539
1065
1723
2399
2073
842
1053
1310
1765
97
2291
1247
2583
2045
1919
511
2648
815
1361
239
2086
1480
1575
340
2052
135
1437
2600
874
1712
1414
1184
1397
1421
2509
230
1526
267
198
1019
2236
269
1790
375
2230
953
434
1251
868
1869
1042
175
1226
957
1745
1007
2552
737
1327
1597
612
224
2124
965
1290
1479
2322
739
1125
151
1321
663
1145
406
1668
143
1563
276
2596
2420
450
1923
101
882
2361
2438
1249
2666
2668
1751
38
728
1848
1105
2351
2341
1718
2701
1820
956
523
2564
2079
2204
66
812
919
1625
1789
1567
2601
1653
2588
2213
912
1564
498
1324
936
1906
2362
195
2149
2294
1399
778
1537
281
1369
1636
1957
315
277
2100
443
1131
14
1167
2304
2035
1901
2104
2375
911
1651
1670
917
2358
2436
249
529
528
1582
2705
2180
1773
2498
1478
2680
105
517
1200
1802
832
2401
869
788
1915
2032
2392
245
2565
1779
2549
499
1143
816
1882
2465
1849
914
1067
711
1220
624
1191
1572
1000
2424
1875
1441
1010
1363
1388
1940
397
2065
1897
2069
58
1284
811
964
1976
536
940
2245
219
45
677
171
305
1622
839
2187
2430
824
2336
2381
120
1050
2637
1658
1379
640
2251
2343
1427
1962
463
473
1377
2630
74
1423
853
1648
755
1030
1439
1468
1476
865
1231
2603
982
572
1252
300
1270
1350
2402
2066
1124
629
1496
1895
1666
1384
2522
1927
1956
234
1138
2512
2445
1302
262
1112
1635
141
1846
1852
1961
907
2416
636
670
236
1744
2007
2257
1032
1418
2207
1801
1293
944
1183
1859
2342
1776
672
848
1265
1275
552
2056
2366
902
1931
33
1763
934
1079
486
798
1179
293
1168
1719
834
1588
745
595
1216
491
1660
2563
90
7
432
1323
826
2363
2344
27
530
2112
607
2303
478
847
23
1103
1178
2240
1679
1081
335
2281
282
1736
1766
2540
1700
2560
2449
1524
2083
1532
566
387
1910
604
913
404
2422
526
980
1553
1146
2208
107
1056
1062
338
407
311
1158
996
1161
1958
1554
357
1963
1812
987
1186
240
1681
2547
740
534
138
1742
2165
362
178
2480
2702
449
2503
639
336
734
1649
96
1591
2516
2332
1696
1021
330
983
1939
1467
1348
1180
858
2693
652
814
1232
40
168
2253
1123
429
554
253
2094
1604
2161
1445
94
476
431
469
1687
2454
2535
324
2584
378
1230
1698
822
1283
1599
590
1391
2249
481
1726
582
325
1213
1583
1490
1466
1371
1240
2575
2515
468
2143
930
1845
1639
637
1972
2448
2533
1902
975
2328
731
2125
1966
2054
1787
2338
1087
1031
565
1151
2010
1089
457
1091
2573
547
367
533
1436
266
471
1867
477
2218
2315
1743
1602
571
1486
271
2183
635
2570
1385
1689
1402
850
985
2577
1757
2194
2136
1045
2640
470
1785
1250
2286
1607
2526
1945
818
2531
184
1804
1506
1756
1921
1701
2644
1538
1916
532
2296
1040
1278
546
2005
2595
821
855
2631
411
2621
1611
1979
671
462
1346
1675
763
1196
289
542
691
1154
2391
600
1447
488
2164
1741
908
149
1998
193
103
218
901
2122
949
1317
472
242
926
2186
220
601
1305
1295
2593
508
2521
2490
1444
39
1322
1214
495
1236
863
1772
1104
861
327
1725
502
1879
625
439
976
2468
161
1898
2321
1983
91
2310
1947
410
1273
2119
1417
647
2268
232
28
2141
2169
213
1759
2231
673
579
435
757
759
1780
211
1027
970
1676
2272
2446
1650
2252
962
1320
938
2041
1492
1740
605
356
1984
2513
304
2651
1078
835
2464
298
803
2198
1761
489
1830
891
2696
1536
2278
405
222
1219
1505
2326
879
1375
946
1411
21
2554
79
186
1489
597
2
1345
1893
1044
301
2586
2172
140
80
950
16
2244
2500
1297
2314
2519
181
2262
525
1412
263
2133
1300
2478
1655
273
1695
2405
187
1353
2093
1060
1733
201
1955
46
433
1256
1156
131
2167
2238
928
894
1037
408
2493
696
1429
1642
1614
2569
2248
2084
2028
849
1173
1548
1624
447
2250
2015
2411
1734
1825
1066
1665
1296
424
1286
1376
215
1823
2543
1248
627
2371
1326
2235
1656
1841
1228
2001
990
889
113
2664
817
708
518
392
2657
1100
1860
2227
1834
1267
1108
1989
2642
1003
1600
1099
2350
1356
610
1747
845
756
2699
1227
573
984
1165
1244
1462
382
890
2447
1550
1419
347
1868
1632
2060
942
88
1539
1315
349
2460
650
344
1797
1334
648
2106
588
2499
562
1212
1545
713
1203
123
111
1988
2647
721
159
1360
1118
2176
1805
1097
2433
751
2333
1960
994
1637
680
2077
1069
736
1918
2018
568
570
2289
1068
127
599
1075
86
2643
827
51
2168
2202
294
576
694
2270
1535
1618
659
2300
1533
57
460
2092
979
2520
916
1925
578
558
2611
1098
1092
1729
228
770
977
2290
1954
2040
2152
1381
1724
986
2347
2051
829
2352
2488
1561
1999
2114
1774
1389
1449
233
1498
1803
1176
1851
1109
1684
194
1806
1288
352
846
1415
1235
1926
896
1142
678
1913
2374
997
2357
2057
2064
2407
658
500
1874
1454
1948
2404
85
1241
109
1865
978
1491
422
1885
1623
2088
1793
545
630
1456
2059
1710
2688
2312
321
1581
2686
2243
2047
2574
2209
1769
2123
784
1578
1993
2075
122
644
2197
991
1262
2506
2530
1781
365
2170
2260
2457
2050
1194
1382
813
37
1987
2667
1048
2474
878
661
1520
505
1824
2131
459
2212
1024
1673
665
355
2280
346
686
2483
1864
416
1509
510
1433
506
2327
2276
2384
801
1754
2434
2098
1590
1335
2224
1336
2537
631
2305
655
2528
643
388
385
2369
288
2144
261
2382
370
2103
1242
2299
2319
366
2036
933
685
1883
1813
932
2694
1836
828
1753
1434
2646
1206
76
2678
2293
1450
1818
2539
527
2006
475
1111
1606
146
1046
1420
1435
112
1973
157
617
806
522
1271
205
2072
611
334
981
1594
2174
137
1365
718
1426
2388
2337
1128
2044
1716
689
1832
886
704
1307
702
2003
2355
2437
13
2155
593
880
1598
1714
1090
2237
446
1680
322
1890
1522
56
2505
2201
752
1746
2707
1016
1760
2349
1316
2568
669
2469
2367
384
656
1243
1872
401
493
2267
2387
12
781
1084
2196
1980
250
2675
1
1694
710
63
2306
584
2389
1935
1629
1528
275
642
203
1633
2606
398
36
2254
805
727
2473
2242
494
216
738
2190
2311
2020
440
1831
2487
1638
963
1974
2377
1721
1292
350
555
2432
1525
15
1951
1351
2145
1222
326
514
1911
1645
448
1487
1891
1299
2317
550
699
369
1136
602
1306
2624
1659
1404
1609
1903
2076
2220
1771
2620
1603
207
1339
1706
2191
154
761
586
1396
492
2655
2138
626
2704
1985
1662
1106
2308
2232
339
2534
1749
351
2090
1313
1407
937
2160
1737
2590
1822
376
1190
133
118
2340
177
995
1657
1338
1937
1020
1924
1398
764
32
53
129
754
1617
312
1015
332
374
2295
1782
2517
1964
1627
1837
615
1542
1188
2489
2151
83
1549
2288
125
2502
840
1400
2418
42
1752
714
1942
319
507
1672
342
1630
1052
1887
1953
1529
2080
1683
725
1155
2616
2467
1562
501
1061
1428
2676
1584
674
1319
915
1134
2102
2135
1967
1325
2444
1982
24
1472
1041
2011
1266
2110
2181
825
2130
2042
1612
1198
2316
2556
750
2697
2116
1312
297
441
2247
1543
743
2266
2171
948
1160
303
1047
1970
1469
358
1405
1461
353
837
2414
2618
2078
1035
1894
2140
2037
2193
2166
62
1347
2265
121
2558
735
799
2511
2398
1595
180
619
1424
2523
2507
2228
403
1857
395
790
1071
553
2101
1762
313
524
1858
479
1685
390
172
1654
419
598
603
2275
343
2700
2443
189
2048
1571
2239
182
580
1029
1438
2087
1527
2504
1799
452
2510
927
259
1416
2591
904
786
192
698
876
892
1826
64
1291
2541
1775
283
682
519
1914
1463
93
1281
2672
2653
1473
202
2491
2159
2273
285
1686
1309
2163
2395
2379
1713
2148
2364
2182
989
1110
243
2626
295
687
1229
1880
1076
1224
0
852
717
1174
1946
1004
2331
747
2025
1502
1778
2671
291
142
229
2162
1259
371
71
538
802
2410
569
866
1257
84
1768
2324
258
2550
1372
715
165
176
706
318
1485
758
364
693
2062
2053
1171
92
1907
309
701
354
247
1233
1896
560
2082
1070
1546
596
2476
2214
1294
1884
1354
1204
69
1997
765
402
1208
373
1211
1373
972
2318
2046
252
1115
871
2579
2365
2192
1102
1195
2497
787
1682
2492
320
2698
657
1613
1289
1406
1023
1863
1470
400
548
427
2481
2356
2339
1330
2561
132
145
1025
2681
455
148
1777
1540
1268
2108
2000
1331
104
1971
1446
361
55
2417
1811
110
18
1380
2223
623
77
712
1929
2677
2649
1261
645
1850
2215
2154
490
8
2458
1344
389
2544
540
1036
2632
581
2345
2320
943
1605
1521
174
1072
2068
2576
235
1523
1975
1189
860
204
1451
2524
921
1119
2665
316
238
1555
308
2372
299
2271