440 439
440 441
440 442
326 324
324 322
324 326
322 323
322 321
322 324
442 440
321 323
321 322
430 429
247 242
471 472
429 430
441 443
441 440
389 388
344 342
387 386
386 387
224 216
478 479
479 478
425 424
1 0
334 333
271 273
271 274
271 269
197 194
5 4
381 380
484 485
212 209
380 381
45 48
45 49
45 41
25 21
21 13
21 25
41 39
41 45
407 408
408 407
436 435
436 437
18 11
18 24
18 19
19 12
19 24
19 18
43 40
297 293
242 239
242 241
242 247
449 448
59 57
138 127
465 466
293 292
293 295
293 297
24 28
24 19
24 18
458 459
60 57
6 4
154 132
473 474
473 475
438 439
205 203
464 462
464 461
150 130
330 329
357 353
357 362
357 358
39 32
39 42
39 41
72 68
358 353
358 362
358 357
356 351
502 503
502 501
501 503
501 502
76 75
503 501
503 502
258 257
99 97
99 109
42 46
42 47
42 39
499 498
499 500
159 135
31 27
31 32
362 366
362 358
362 357
204 206
204 201
269 272
269 273
269 267
269 274
269 271
113 102
121 111
61 57
61 65
61 66
190 183
124 133
124 114
124 135
146 167
146 129
146 168
352 347
493 494
171 158
299 296
346 343
346 351
347 343
347 352
139 127
217 214
38 29
189 182
259 260
282 283
282 281
282 284
95 90
369 366
366 369
366 362
492 491
459 458
201 200
201 204
109 117
109 99
117 129
117 109
477 476
14 9
274 273
274 269
274 271
385 384
285 287
285 288
285 283
285 284
434 433
218 214
267 268
267 264
267 269
359 353
151 130
151 131
173 160
173 175
173 174
294 292
294 295
294 298
67 62
202 200
77 78
77 75
77 77
147 129
147 169
238 237
199 200
422 421
33 28
33 36
307 305
405 403
100 97
363 360
363 365
157 133
437 435
437 436
56 57
56 58
192 186
298 302
298 294
68 62
68 72
303 304
303 300
152 130
152 131
152 170
398 399
416 417
421 422
58 56
305 304
305 306
305 307
168 167
168 146
431 432
260 259
280 281
280 279
333 334
93 97
93 88
26 29
26 23
26 30
135 160
135 161
135 124
135 159
452 453
328 329
328 327
353 348
353 359
353 358
353 357
433 434
256 255
453 454
453 452
302 298
396 397
397 396
195 196
195 193
384 385
125 114
206 204
161 135
331 332
332 331
75 78
75 77
75 76
279 280
257 258
393 394
393 395
327 329
327 328
2 3
395 394
395 393
329 327
329 328
329 330
62 57
62 68
62 67
53 50
481 480
481 483
169 147
394 395
394 393
378 379
262 261
379 378
410 409
163 140
170 152
414 413
47 46
47 42
475 473
261 263
261 264
261 262
351 346
351 356
355 350
355 361
140 127
140 163
306 304
306 305
90 85
90 95
185 176
361 355
69 63
69 73
219 214
219 225
485 484
295 292
295 294
295 293
243 239
243 248
337 336
456 457
312 311
367 365
300 301
300 296
300 303
248 243
32 27
32 31
32 39
88 84
88 93
284 287
284 288
284 285
284 282
70 66
73 69
308 309
134 122
494 493
313 311
313 316
213 209
457 456
193 191
193 196
193 195
82 80
196 193
196 195
155 132
482 480
115 108
115 127
323 325
323 321
323 322
46 47
46 42
0 1
244 240
225 219
27 23
27 32
27 31
325 323
382 383
383 382
273 272
273 274
273 269
273 271
104 98
264 263
264 268
264 261
264 267
268 270
268 264
268 267
272 273
272 269
406 404
314 311
417 416
318 317
403 402
403 405
30 29
30 26
467 468
468 467
435 437
435 436
336 335
336 337
148 129
66 71
66 70
66 61
214 220
214 209
214 219
214 218
214 217
455 454
454 455
454 453
164 142
164 165
23 17
23 16
23 27
23 26
122 112
122 134
29 30
29 26
29 38
141 127
153 130
153 131
79 78
79 81
149 129
500 499
483 480
483 481
165 142
165 164
114 102
114 126
114 125
114 124
207 208
207 209
207 210
348 343
348 354
348 353
191 194
191 184
191 193
476 477
345 342
345 350
480 483
480 482
480 481
34 28
229 228
364 360
364 365
180 172
180 183
162 137
162 136
136 126
136 162
443 441
349 343
137 126
137 162
126 137
126 136
126 114
144 128
129 149
129 148
129 147
129 117
129 146
292 296
292 295
292 294
292 293
350 345
350 355
409 410
263 265
263 266
263 264
263 261
266 263
265 263
339 338
338 340
338 339
412 411
184 174
184 191
237 239
237 240
237 236
237 241
237 238
342 341
342 343
342 345
342 344
7 4
7 10
15 10
15 17
15 16
370 371
50 52
50 48
50 49
50 51
50 53
16 10
16 17
16 15
16 23
210 208
210 207
230 231
230 228
270 275
270 276
270 268
118 130
118 131
118 120
118 110
505 504
504 505
391 390
8 4
8 13
296 301
296 292
296 300
296 299
13 22
13 8
13 21
368 365
241 239
241 240
241 237
241 242
83 86
83 87
83 80
80 78
80 84
80 83
80 82
110 119
110 101
110 120
110 118
228 223
228 231
228 232
228 230
228 229
232 233
232 231
232 228
354 360
354 348
245 240
245 246
186 177
186 187
186 192
234 233
289 288
120 130
120 131
120 110
120 118
20 12
105 98
63 57
63 64
63 69
64 57
64 63
17 10
17 16
17 15
17 23
281 280
281 282
94 89
427 428
427 426
426 428
426 427
428 426
428 427
226 227
226 221
221 215
221 227
221 226
227 221
227 226
84 89
84 80
84 88
51 54
51 48
51 50
101 97
101 111
101 112
101 110
119 132
119 133
119 110
374 372
487 490
487 491
487 486
423 424
377 376
142 127
142 165
142 164
9 4
9 14
71 74
71 66
49 48
49 50
49 45
376 377
48 52
48 49
48 51
48 50
48 45
388 389
22 13
448 450
448 449
419 418
419 420
420 418
420 419
418 420
418 419
106 98
209 207
209 214
209 213
209 212
81 78
81 85
81 79
131 130
131 120
131 118
131 153
131 152
131 151
445 444
203 200
203 205
365 360
365 368
365 364
365 367
365 363
102 97
102 114
102 113
200 203
200 199
200 202
200 201
360 365
360 354
360 364
360 363
486 488
486 489
486 487
340 338
231 232
231 228
231 230
372 371
372 374
233 235
233 234
233 232
343 341
343 342
343 349
343 348
343 347
343 346
255 254
255 256
130 133
130 131
130 120
130 118
130 153
130 152
130 151
130 150
220 214
127 143
127 142
127 141
127 115
127 140
127 139
127 138
143 166
143 127
496 498
496 495
181 172
181 183
181 182
495 497
495 496
432 431
461 460
461 462
461 464
10 4
10 17
10 16
10 15
10 7
424 423
424 425
319 320
174 160
174 184
174 173
320 319
175 160
175 173
74 71
472 471
179 167
399 398
112 123
112 101
112 122
489 486
111 101
111 121
252 250
250 249
250 252
133 158
133 130
133 119
133 157
133 124
497 495
52 48
52 50
335 336
211 215
211 208
211 216
216 211
216 224
304 306
304 305
304 303
11 4
11 18
12 4
12 20
12 19
236 235
236 237
235 236
235 233
413 415
413 414
415 413
278 277
246 240
246 245
240 246
240 245
240 241
240 237
240 244
277 278
341 343
341 342
286 287
286 283
309 310
309 308
310 309
491 487
491 492
283 287
283 286
283 285
283 282
182 172
182 183
182 181
182 189
183 172
183 182
183 181
183 180
183 190
172 158
172 183
172 182
172 181
172 180
469 470
470 469
253 254
254 253
254 255
466 465
288 287
288 289
288 284
288 285
287 288
287 283
287 286
287 284
287 285
35 28
35 40
44 40
36 28
36 33
40 44
40 35
40 43
37 28
28 37
28 36
28 35
28 34
28 33
28 24
3 4
3 2
55 54
54 55
54 51
4 3
4 12
4 11
4 10
4 9
4 8
4 7
4 6
4 5
474 473
488 486
198 194
222 215
450 451
450 448
451 450
251 249
375 373
444 445
194 198
194 191
194 197
96 98
96 92
97 103
97 102
97 101
97 93
97 100
97 99
208 211
208 210
208 207
411 412
167 179
167 168
167 146
439 438
439 440
402 404
402 403
315 311
315 316
315 317
317 316
317 315
317 318
188 178
462 460
462 461
462 464
463 460
460 463
460 462
460 461
498 496
498 499
91 86
91 92
65 57
65 61
57 65
57 64
57 63
57 62
57 56
57 61
57 60
57 59
400 401
158 172
158 133
158 171
447 446
446 447
404 402
404 406
89 84
89 94
87 86
87 92
87 83
92 86
92 87
92 91
92 96
401 400
290 291
316 311
316 317
316 315
316 313
132 156
132 119
132 155
132 154
239 241
239 237
239 243
239 242
107 98
98 108
98 107
98 96
98 106
98 105
98 104
301 296
301 300
276 270
275 270
249 251
249 250
145 128
86 92
86 87
86 91
86 83
103 97
85 81
85 90
371 373
371 372
371 370
373 371
373 375
223 215
223 228
116 108
116 128
215 223
215 222
215 211
215 221
128 116
128 145
128 144
176 160
176 177
176 185
108 116
108 98
108 115
187 177
187 186
177 160
177 187
177 176
177 186
392 390
390 392
390 391
156 132
291 290
490 487
178 166
178 188
166 178
166 143
78 81
78 80
78 79
78 75
78 77
123 112
311 316
311 315
311 314
311 313
311 312
160 177
160 176
160 175
160 174
160 135
160 173
