0 500
0 11
0 5
1 2
2 3
2 1
3 243
3 6
3 2
4 29
5 0
6 243
6 3
7 10
8 43
9 420
10 7
11 301
11 0
12 379
13 319
14 15
15 14
16 435
17 18
18 17
19 272
20 413
21 245
22 157
23 253
23 111
23 78
24 493
25 479
26 30
27 214
28 387
29 4
30 26
31 378
31 376
31 34
32 33
33 334
33 32
34 62
34 31
35 36
36 35
37 266
37 139
38 231
39 437
39 49
39 40
40 438
40 49
40 39
41 473
42 48
43 526
43 336
43 8
44 381
45 512
46 405
47 463
48 308
48 215
48 42
49 475
49 40
49 39
50 104
51 512
52 479
53 525
54 480
54 203
55 500
56 391
57 505
57 411
58 403
59 189
60 241
61 166
61 76
61 64
62 223
62 72
62 34
63 143
64 166
64 76
64 61
65 205
66 69
66 67
67 69
67 66
68 182
69 67
69 66
70 184
71 495
71 106
72 244
72 202
72 62
73 508
73 284
74 160
75 248
75 223
76 102
76 64
76 61
77 178
77 105
78 257
78 253
78 116
78 111
78 23
79 393
80 484
81 427
82 512
82 511
82 269
83 457
84 430
84 287
84 160
85 499
85 306
85 151
86 92
87 384
88 232
89 515
90 333
91 401
91 205
92 401
92 86
93 405
94 273
95 249
96 279
97 456
98 153
99 455
99 353
99 225
100 209
101 102
102 101
102 76
103 454
104 50
105 394
105 77
106 107
106 71
107 306
107 106
108 292
109 373
110 290
111 253
111 78
111 23
112 176
113 465
113 464
113 455
113 225
114 167
115 273
116 256
116 255
116 78
117 166
118 403
118 389
119 561
119 418
119 415
120 308
120 215
120 142
121 122
122 121
123 190
124 394
125 558
125 182
125 125
126 306
126 193
127 318
128 129
129 128
130 394
131 148
132 482
133 475
133 470
134 150
135 262
136 495
137 395
137 392
138 430
139 266
139 37
140 512
140 149
141 344
142 170
142 120
143 190
143 63
144 436
144 221
145 403
145 389
145 200
146 422
147 260
148 131
149 140
150 436
150 208
150 134
151 499
151 85
152 410
153 98
154 353
154 183
155 156
156 155
157 22
158 495
158 224
159 279
159 277
159 263
160 561
160 179
160 84
160 74
161 169
162 189
162 186
163 164
164 163
165 307
166 289
166 117
166 64
166 61
167 114
168 402
169 275
169 161
170 142
171 173
172 174
173 171
174 172
175 238
175 236
176 112
177 287
178 77
179 160
180 181
181 180
182 558
182 125
182 68
183 154
184 70
185 194
185 188
186 189
186 162
187 476
188 194
188 185
189 186
189 162
189 59
190 512
190 143
190 123
191 323
192 294
192 285
193 126
194 188
194 185
195 197
196 204
197 195
198 310
199 207
200 145
201 441
202 244
202 72
203 54
204 311
204 255
204 196
205 91
205 65
206 309
206 211
207 405
207 199
208 436
208 150
209 538
209 100
210 547
211 206
212 350
212 227
213 273
213 247
214 27
215 308
215 120
215 48
216 526
216 222
217 267
218 235
219 560
220 392
221 529
221 333
221 144
222 216
223 248
223 75
223 62
224 361
224 158
225 465
225 464
225 113
225 99
226 269
227 212
228 452
229 231
230 278
231 229
231 38
232 88
233 560
233 524
234 387
235 218
236 291
236 238
236 175
237 338
238 236
238 175
239 525
240 294
241 290
241 60
242 548
242 405
243 250
243 6
243 3
244 202
244 72
245 21
246 445
247 213
248 277
248 223
248 75
249 95
250 243
251 252
252 251
253 257
253 111
253 78
253 23
254 528
255 311
255 256
255 204
255 116
256 327
256 255
256 116
257 253
257 78
258 518
259 560
260 147
261 503
262 501
262 135
263 279
263 159
264 265
265 264
266 139
266 37
267 433
267 217
268 306
269 375
269 226
269 82
270 271
271 270
272 19
273 404
273 387
273 213
273 115
273 94
274 275
275 274
275 169
276 372
276 286
277 352
277 324
277 248
277 159
278 423
278 230
279 263
279 159
279 96
280 405
281 403
281 389
282 558
282 388
283 306
284 73
285 294
285 192
286 372
286 276
287 393
287 304
287 177
287 84
288 496
288 387
288 325
289 401
289 342
289 166
290 241
290 110
291 493
291 317
291 236
292 108
293 319
293 309
294 285
294 240
294 192
295 475
296 340
297 395
297 392
298 458
298 457
299 303
299 300
300 304
300 299
301 11
302 401
303 304
303 299
304 303
304 300
304 287
305 546
306 283
306 268
306 126
306 107
306 85
307 451
307 165
308 333
308 215
308 120
308 48
309 293
309 206
310 198
311 313
311 312
311 255
311 204
312 311
313 311
314 315
315 397
315 314
316 498
317 415
317 291
318 526
318 445
318 439
318 336
318 127
319 449
319 401
319 293
319 13
320 479
320 412
321 412
321 352
321 324
322 539
323 432
323 378
323 376
323 362
323 191
324 412
324 352
324 321
324 277
325 496
325 288
326 398
326 340
327 533
327 532
327 256
328 403
328 389
328 347
328 339
329 330
330 329
331 552
332 479
332 334
333 529
333 308
333 221
333 90
334 380
334 332
334 33
335 392
336 526
336 445
336 318
336 43
337 536
337 520
337 338
338 558
338 361
338 337
338 237
339 365
339 364
339 347
339 328
340 543
340 398
340 341
340 326
340 296
341 400
341 398
341 340
342 395
342 289
343 445
343 444
344 550
344 549
344 141
345 400
346 464
347 403
347 389
347 339
347 328
348 438
349 528
350 512
350 351
350 212
351 512
351 350
352 412
352 324
352 321
352 277
353 154
353 99
354 519
355 357
355 356
356 357
356 355
357 356
357 355
358 360
358 359
359 545
359 360
359 358
360 359
360 358
361 519
361 338
361 224
362 478
362 378
362 323
363 497
364 495
364 427
364 423
364 339
365 525
365 430
365 339
366 399
367 368
368 367
369 555
369 454
369 396
370 413
371 377
372 405
372 286
372 276
373 479
373 109
374 416
375 419
375 269
376 378
376 323
376 31
377 371
378 432
378 376
378 362
378 323
378 31
379 12
380 334
381 486
381 44
382 385
382 383
383 385
383 382
384 87
385 383
385 382
386 528
387 288
387 273
387 234
387 28
388 558
388 538
388 282
389 403
389 347
389 328
389 281
389 145
389 118
390 492
391 394
391 56
392 395
392 335
392 297
392 220
392 137
393 495
393 287
393 79
394 391
394 130
394 124
394 105
395 392
395 342
395 297
395 137
396 481
396 426
396 369
397 315
398 341
398 340
398 326
399 539
399 366
400 440
400 345
400 341
401 449
401 319
401 302
401 289
401 92
401 91
402 462
402 168
403 430
403 389
403 347
403 328
403 281
403 145
403 118
403 58
404 273
405 406
405 372
405 280
405 242
405 207
405 93
405 46
406 557
406 405
407 508
407 409
408 458
408 457
408 456
409 431
409 407
410 152
411 507
411 505
411 57
412 479
412 352
412 324
412 321
412 320
413 370
413 20
414 417
415 561
415 317
415 119
416 374
417 414
418 561
418 119
419 375
420 9
421 499
422 146
423 559
423 364
423 278
424 425
425 424
426 396
427 364
427 81
428 429
429 534
429 428
430 515
430 403
430 365
430 138
430 84
431 409
432 378
432 323
433 267
434 545
434 496
434 435
435 434
435 16
436 208
436 150
436 144
437 479
437 39
438 479
438 348
438 40
439 440
439 318
440 439
440 400
441 442
441 201
442 441
443 446
444 445
444 343
445 444
445 343
445 336
445 318
445 246
446 443
447 448
448 447
449 401
449 319
450 465
450 455
451 307
452 453
452 228
453 452
454 369
454 103
455 465
455 450
455 113
455 99
456 458
456 457
456 408
456 97
457 458
457 456
457 408
457 298
457 83
458 515
458 457
458 456
458 408
458 298
459 460
460 459
461 462
462 461
462 402
463 47
464 465
464 346
464 225
464 113
465 464
465 455
465 450
465 225
465 113
466 475
466 473
467 473
468 469
469 468
470 475
470 133
471 472
472 471
473 467
473 466
473 41
474 475
475 474
475 470
475 466
475 295
475 133
475 49
476 479
476 187
477 478
478 477
478 362
479 476
479 438
479 437
479 412
479 373
479 332
479 320
479 52
479 25
480 54
481 396
482 132
483 493
484 80
485 545
486 487
486 381
487 486
488 489
489 488
490 534
491 540
492 390
493 483
493 291
493 24
494 528
494 521
495 537
495 393
495 364
495 158
495 136
495 71
496 434
496 325
496 288
497 363
498 316
499 421
499 151
499 85
500 55
500 0
501 518
501 262
502 560
502 524
502 503
503 524
503 502
503 261
504 556
505 507
505 411
505 57
506 507
507 506
507 505
507 411
508 407
508 73
509 536
509 521
510 514
511 512
511 82
512 511
512 351
512 350
512 190
512 140
512 82
512 51
512 45
513 522
514 510
515 458
515 430
515 89
516 517
517 516
518 501
518 258
519 361
519 354
520 536
520 521
520 337
521 536
521 520
521 509
521 494
522 513
523 554
524 560
524 503
524 502
524 233
525 553
525 365
525 239
525 53
526 336
526 318
526 216
526 43
527 528
528 548
528 527
528 494
528 386
528 349
528 254
529 333
529 221
530 531
531 530
532 327
533 327
534 490
534 429
535 546
536 521
536 520
536 509
536 337
537 495
538 388
538 209
539 540
539 399
539 322
540 539
540 491
541 542
542 541
543 545
543 340
544 548
544 546
545 543
545 485
545 434
545 359
546 544
546 535
546 305
547 561
547 550
547 210
548 544
548 528
548 242
549 550
549 344
550 561
550 549
550 547
550 344
551 552
552 551
552 331
553 525
554 523
555 369
556 557
556 504
557 556
557 406
558 388
558 338
558 282
558 182
558 125
559 423
560 524
560 502
560 259
560 233
560 219
561 550
561 547
561 418
561 415
561 160
561 119
