1013 0
915 1
914 2
912 3
907 4
905 5
894 6
885 7
884 8
882 9
879 10
872 11
866 12
865 13
860 14
859 15
850 16
817 17
816 18
810 19
809 20
808 21
803 22
802 23
800 24
799 25
792 26
791 27
789 28
788 29
786 30
785 31
784 32
783 33
781 34
780 35
779 36
778 37
777 38
776 39
775 40
774 41
771 42
770 43
769 44
768 45
767 46
766 47
765 48
764 49
763 50
761 51
758 52
756 53
752 54
747 55
746 56
741 57
740 58
739 59
738 60
737 61
736 62
735 63
734 64
733 65
732 66
731 67
730 68
729 69
728 70
727 71
726 72
725 73
724 74
722 75
721 76
720 77
719 78
718 79
717 80
716 81
715 82
714 83
713 84
712 85
711 86
699 87
698 88
697 89
696 90
695 91
694 92
693 93
692 94
691 95
690 96
689 97
688 98
687 99
686 100
685 101
684 102
680 103
678 104
676 105
674 106
673 107
672 108
671 109
670 110
668 111
667 112
666 113
664 114
659 115
658 116
657 117
656 118
653 119
652 120
651 121
650 122
649 123
648 124
647 125
646 126
645 127
644 128
643 129
642 130
640 131
639 132
637 133
635 134
633 135
632 136
630 137
628 138
621 139
616 140
611 141
606 142
605 143
604 144
600 145
599 146
598 147
592 148
591 149
588 150
583 151
577 152
576 153
572 154
571 155
569 156
568 157
567 158
565 159
560 160
557 161
556 162
552 163
551 164
549 165
547 166
546 167
545 168
541 169
536 170
533 171
532 172
531 173
530 174
527 175
526 176
525 177
524 178
523 179
522 180
521 181
516 182
508 183
507 184
505 185
503 186
501 187
499 188
496 189
495 190
494 191
493 192
491 193
490 194
487 195
486 196
485 197
480 198
477 199
474 200
472 201
471 202
468 203
464 204
463 205
462 206
461 207
460 208
459 209
454 210
453 211
452 212
451 213
450 214
449 215
448 216
447 217
446 218
445 219
444 220
443 221
442 222
439 223
438 224
437 225
436 226
435 227
433 228
425 229
424 230
422 231
416 232
415 233
414 234
413 235
411 236
409 237
408 238
407 239
406 240
402 241
401 242
398 243
394 244
392 245
389 246
387 247
385 248
383 249
382 250
381 251
380 252
378 253
377 254
375 255
374 256
373 257
372 258
371 259
370 260
369 261
367 262
364 263
362 264
359 265
358 266
356 267
354 268
352 269
350 270
349 271
348 272
347 273
345 274
344 275
342 276
341 277
340 278
339 279
338 280
337 281
336 282
334 283
328 284
327 285
326 286
325 287
324 288
323 289
321 290
320 291
319 292
317 293
315 294
314 295
313 296
310 297
309 298
308 299
307 300
306 301
305 302
304 303
303 304
301 305
300 306
298 307
297 308
296 309
295 310
294 311
293 312
292 313
291 314
290 315
289 316
288 317
287 318
286 319
285 320
284 321
283 322
282 323
281 324
280 325
279 326
278 327
276 328
275 329
274 330
273 331
272 332
271 333
270 334
269 335
268 336
267 337
266 338
265 339
264 340
263 341
261 342
260 343
259 344
258 345
257 346
256 347
255 348
254 349
253 350
252 351
251 352
250 353
249 354
248 355
247 356
246 357
245 358
244 359
243 360
242 361
241 362
240 363
239 364
238 365
237 366
236 367
235 368
234 369
233 370
232 371
231 372
230 373
229 374
228 375
227 376
225 377
224 378
223 379
222 380
221 381
220 382
219 383
218 384
217 385
216 386
215 387
214 388
213 389
212 390
211 391
210 392
209 393
208 394
207 395
206 396
205 397
204 398
203 399
202 400
200 401
199 402
198 403
192 404
191 405
190 406
189 407
188 408
186 409
175 410
174 411
173 412
172 413
171 414
170 415
169 416
168 417
167 418
163 419
162 420
161 421
160 422
159 423
158 424
157 425
156 426
155 427
154 428
153 429
152 430
151 431
150 432
149 433
148 434
147 435
146 436
145 437
144 438
142 439
141 440
140 441
139 442
138 443
137 444
136 445
133 446
132 447
131 448
130 449
129 450
128 451
127 452
126 453
125 454
124 455
123 456
122 457
121 458
119 459
118 460
117 461
116 462
114 463
113 464
112 465
111 466
110 467
109 468
108 469
107 470
106 471
105 472
104 473
103 474
102 475
98 476
96 477
95 478
94 479
93 480
92 481
91 482
90 483
89 484
88 485
85 486
84 487
83 488
82 489
81 490
80 491
79 492
78 493
77 494
76 495
75 496
74 497
73 498
72 499
70 500
69 501
67 502
66 503
65 504
64 505
63 506
62 507
61 508
60 509
59 510
57 511
56 512
55 513
54 514
53 515
52 516
51 517
50 518
49 519
47 520
46 521
45 522
44 523
43 524
42 525
41 526
40 527
39 528
38 529
37 530
36 531
35 532
34 533
33 534
32 535
31 536
30 537
28 538
27 539
26 540
25 541
24 542
23 543
22 544
21 545
20 546
18 547
17 548
16 549
15 550
13 551
12 552
11 553
10 554
9 555
8 556
7 557
5 558
3 559
2 560
1 561
