0 0
1 1
1 2
1 3
2 4
2 2
3 4
3 2
4 4
5 0
5 5
6 6
6 4
6 7
6 2
7 8
8 9
8 10
9 4
10 0
11 11
11 12
11 13
12 1
13 14
14 15
14 16
15 15
15 16
16 17
17 6
17 15
18 6
18 15
19 1
19 18
20 4
21 0
22 5
22 19
22 9
23 4
23 19
24 12
24 20
25 21
26 4
27 21
28 19
29 4
30 4
31 11
31 22
32 23
33 23
34 6
34 11
34 22
35 0
36 0
37 11
37 19
37 13
37 7
38 0
39 23
40 23
41 23
41 14
41 9
42 23
43 13
43 24
43 10
44 5
45 25
45 13
46 20
47 17
47 14
48 23
49 23
49 9
50 11
50 18
51 19
51 13
52 17
52 26
52 23
53 0
54 20
55 0
55 5
56 27
57 5
58 5
59 6
59 22
60 13
61 14
61 24
62 11
63 22
64 6
65 14
66 28
66 21
67 0
67 21
68 11
68 5
69 0
70 1
71 5
72 6
72 22
72 18
73 17
74 0
75 11
76 14
76 24
77 6
77 27
78 0
78 4
78 19
79 0
79 6
79 4
79 5
80 0
81 15
82 0
82 28
82 21
83 0
83 5
83 13
84 0
84 25
85 5
86 6
86 14
87 28
87 21
88 5
88 18
89 0
90 11
91 0
91 14
92 6
92 14
93 20
94 6
94 19
94 27
95 5
95 12
96 6
96 14
96 9
97 0
97 5
98 5
99 23
99 18
100 11
101 23
101 14
101 24
101 10
102 23
102 24
102 10
103 11
104 11
105 6
105 27
106 0
107 5
108 1
109 23
110 0
110 1
111 4
112 0
113 23
114 5
114 14
115 19
115 13
116 4
117 11
118 5
119 23
120 23
121 1
121 5
121 13
122 5
123 13
124 6
124 27
125 11
125 5
126 5
127 6
127 1
128 0
128 4
129 0
130 15
130 27
131 1
132 5
133 23
134 11
134 15
135 1
136 6
136 25
136 11
137 13
138 0
138 1
139 0
139 13
139 16
140 11
141 0
142 11
142 23
143 0
144 15
145 5
146 6
147 1
148 1
149 11
149 22
150 15
151 11
153 5
153 14
154 23
157 5
158 25
159 0
160 0
160 6
161 11
162 11
163 5
164 11
165 23
166 14
166 24
167 5
167 14
168 23
169 11
170 11
170 23
171 0
171 14
172 0
172 25
173 0
173 14
174 21
175 11
175 7
176 12
177 6
178 25
178 7
179 1
179 5
180 11
181 11
182 5
183 6
183 23
184 1
185 14
185 9
186 22
187 23
188 14
188 9
189 22
190 0
191 5
191 14
192 26
192 29
192 28
192 21
193 14
194 14
194 9
195 25
196 5
196 30
197 0
199 20
200 5
201 5
201 14
201 27
202 5
203 11
204 5
204 30
205 6
206 1
207 20
208 15
209 11
210 6
210 4
211 1
212 13
213 6
213 19
214 23
215 23
216 0
217 6
218 5
219 17
220 10
220 31
221 11
222 0
223 22
223 14
224 6
225 23
226 4
227 13
229 12
229 27
232 5
233 1
234 0
235 1
235 5
236 12
236 20
237 6
238 11
239 19
239 9
240 13
241 22
241 13
242 12
242 20
243 32
244 22
244 14
245 4
245 5
245 13
246 6
246 20
247 6
247 11
248 11
248 22
249 11
250 32
251 0
251 6
251 15
252 0
252 6
252 15
253 4
253 19
254 5
255 5
255 30
256 4
257 19
258 1
259 20
260 0
261 17
262 1
262 4
263 14
264 15
265 6
265 15
266 6
266 19
266 13
267 6
267 1
268 4
268 5
269 21
270 6
270 25
270 4
270 7
271 6
271 25
271 4
271 7
272 15
273 6
273 19
274 25
274 11
275 25
275 11
276 20
277 22
277 15
278 6
278 11
279 14
280 5
280 20
281 23
281 14
282 6
282 11
282 27
284 17
285 26
285 21
286 1
287 6
288 7
289 14
289 9
289 24
289 10
290 5
290 13
291 12
291 20
292 1
292 33
293 9
294 26
294 29
294 28
294 21
295 6
296 1
296 19
297 9
297 10
298 5
299 29
299 28
300 29
300 28
301 12
302 24
303 5
304 5
305 14
305 9
306 4
306 5
307 23
308 23
308 15
309 1
309 7
310 19
310 15
311 12
312 11
313 33
314 12
315 6
316 0
317 6
317 15
318 0
318 25
318 4
319 9
320 23
321 15
322 0
322 25
323 26
324 15
325 0
325 7
326 1
326 5
326 9
327 4
328 5
329 4
330 6
330 7
331 1
331 11
332 22
332 23
333 11
334 4
334 23
335 10
335 31
336 0
336 1
336 20
337 12
338 6
339 5
340 1
340 5
340 19
341 1
342 14
342 9
342 24
342 10
343 20
344 0
344 25
345 1
346 23
346 14
347 5
348 22
348 23
349 12
350 19
350 13
350 7
351 7
352 15
353 23
354 6
354 11
355 1
355 18
356 1
356 18
357 6
357 1
358 0
359 6
359 15
360 0
361 6
361 7
362 26
363 4
363 26
364 19
365 0
366 17
367 23
368 23
369 17
369 25
370 1
371 22
371 15
372 1
372 20
373 4
373 23
374 0
375 0
376 11
377 22
377 15
378 1
378 22
379 1
380 4
380 23
381 5
382 21
383 0
383 6
384 26
384 19
384 29
384 28
385 0
385 6
386 0
386 12
387 26
387 19
388 11
389 5
390 12
390 27
391 12
391 15
391 27
392 14
392 9
392 10
392 31
393 0
393 25
393 4
394 15
394 27
395 14
395 9
395 10
395 31
396 17
397 6
398 6
398 1
399 17
400 6
400 1
401 14
401 9
401 24
402 23
402 14
402 9
403 5
405 20
406 20
407 0
408 5
409 11
411 4
411 5
412 22
412 23
412 15
413 1
414 1
415 6
415 15
416 0
416 26
416 20
417 1
418 0
418 25
418 4
419 0
420 0
420 4
421 11
422 17
423 6
423 25
423 11
424 11
425 11
426 23
427 22
427 15
428 0
428 4
429 0
429 4
430 0
430 5
431 11
432 22
433 6
433 1
434 17
434 7
435 17
435 7
436 15
437 22
437 23
438 22
438 23
439 17
439 25
440 17
440 25
441 5
441 12
442 5
443 6
443 17
444 20
445 6
445 20
446 14
446 9
446 10
447 5
448 12
449 14
449 9
449 24
450 23
450 14
451 0
451 24
452 9
453 0
453 11
453 12
453 9
454 25
454 11
455 23
455 14
456 0
456 5
457 0
457 13
458 0
458 5
459 0
460 0
461 23
461 14
462 23
462 14
463 23
463 14
464 23
464 14
465 23
465 14
466 23
466 14
466 9
467 23
467 14
468 17
468 14
469 23
469 14
470 23
470 9
471 0
471 23
471 14
472 0
472 23
472 14
473 23
473 14
474 22
474 23
474 9
475 23
475 9
476 23
476 14
477 5
477 23
478 5
478 23
479 6
479 22
479 23
480 11
480 12
481 17
482 11
482 5
483 0
483 12
484 12
485 0
485 25
486 0
486 6
486 5
486 22
487 0
487 22
488 17
489 17
490 0
490 4
491 0
491 25
492 0
492 12
493 0
493 12
493 20
494 12
495 6
495 25
495 11
496 0
496 25
496 7
497 0
497 4
498 0
499 11
499 5
500 5
501 1
501 4
502 1
502 11
503 0
503 1
504 1
504 11
505 0
505 5
506 0
506 5
507 0
507 5
508 17
508 25
509 1
509 12
510 0
511 0
511 7
512 0
512 7
513 0
513 13
514 0
515 0
515 26
515 5
516 12
517 12
518 1
518 4
519 6
519 11
520 12
521 12
522 0
522 13
523 11
523 5
523 12
523 13
524 1
524 11
525 0
525 25
525 22
526 0
527 0
527 12
528 0
528 12
529 11
530 6
530 12
531 6
532 0
532 4
533 0
533 4
534 0
534 4
535 11
535 5
536 0
537 6
537 25
537 11
538 25
538 11
539 0
539 25
540 0
540 25
541 17
542 17
543 17
543 26
543 19
544 11
544 12
545 17
546 11
546 22
547 0
547 6
547 25
548 11
548 12
549 0
549 25
550 0
550 25
551 1
551 11
552 1
552 11
553 0
553 25
554 11
554 5
554 12
555 1
556 1
556 11
557 1
558 11
558 5
559 6
559 25
559 11
560 17
560 1
561 0
561 6
