10007708 0
1002217 1
10039418 2
10044041 3
10051944 4
10066920 5
10080980 6
10104036 7
10132165 8
10132969 9
1013838 10
10139734 11
10142127 12
10146606 13
10177292 14
10195386 15
10195765 16
10199781 17
10210318 18
1021193 19
10257417 20
10275558 21
10289515 22
10300096 23
1030861 24
10311581 25
10319473 26
10345373 27
10350448 28
1035279 29
10359093 30
10370710 31
10372673 32
10377004 33
10387383 34
10397555 35
10412404 36
10454915 37
10466161 38
10485421 39
10498001 40
10511730 41
10515802 42
10550263 43
10556221 44
10562443 45
10596315 46
10612314 47
10635528 48
10639182 49
10644048 50
10651807 51
10653704 52
10656935 53
10661830 54
10697904 55
10702348 56
10713404 57
10717061 58
10729179 59
10733242 60
10745974 61
10756207 62
10768610 63
10771716 64
10774772 65
10781564 66
10785232 67
10796988 68
1084463 69
10853946 70
10856000 71
10865915 72
10879414 73
10891087 74
10946657 75
10975007 76
10989873 77
11036080 78
11040374 79
11049855 80
11050158 81
11050700 82
11055658 83
11059172 84
11060512 85
11078454 86
11084560 87
11085789 88
11099899 89
11114468 90
11114756 91
11120692 92
11125790 93
11137821 94
11147570 95
11165904 96
11169734 97
11179392 98
11208149 99
11209408 100
11233539 101
11274088 102
11277448 103
11280999 104
11291576 105
11297195 106
11306999 107
11314589 108
113221 109
11340460 110
11355704 111
11355828 112
11358852 113
11376748 114
11380031 115
11394725 116
11454284 117
11486021 118
11487741 119
11501716 120
11502795 121
11507003 122
11542153 123
11551126 124
11555055 125
11557152 126
11566671 127
11567945 128
11577686 129
11577812 130
1158558 131
11585616 132
11585930 133
11590218 134
11601188 135
11605269 136
11616531 137
11616826 138
11619811 139
11623940 140
11632366 141
11646985 142
11654477 143
11680615 144
11688155 145
11735710 146
11771860 147
11779567 148
11785775 149
11787085 150
11792908 151
11814939 152
11829525 153
11862974 154
11865975 155
11868008 156
11879822 157
11893861 158
1190477 159
11909285 160
11942778 161
11946330 162
11950628 163
11975819 164
11976100 165
11985077 166
12008840 167
12012048 168
12027602 169
1203562 170
12050779 171
12064140 172
12091054 173
12091297 174
1210248 175
12118646 176
12130249 177
12130337 178
12131391 179
12131832 180
12155766 181
12159629 182
12195734 183
12227107 184
12236018 185
1223698 186
12242730 187
12253740 188
12261103 189
1230906 190
12317126 191
12328384 192
12333593 193
12342291 194
12346819 195
12346897 196
12358014 197
12370200 198
12377127 199
12384614 200
12397592 201
12402422 202
12404237 203
12419070 204
12423889 205
12426090 206
1244847 207
12456922 208
12459021 209
12472847 210
12485074 211
12512618 212
12523432 213
12543476 214
12571008 215
12573786 216
12584717 217
12588358 218
12610552 219
12611527 220
12613915 221
12617184 222
12622485 223
1262510 224
12629341 225
12636027 226
12638376 227
12641011 228
12669645 229
12672370 230
12682726 231
12688460 232
12698573 233
12735647 234
12744251 235
12746977 236
12761781 237
12785109 238
12785217 239
12801805 240
12802603 241
12821040 242
12828695 243
12829571 244
12867071 245
1286728 246
12871595 247
12877624 248
12883743 249
12886746 250
12903265 251
12904958 252
12915760 253
12916860 254
12918370 255
12967060 256
12987107 257
12998048 258
13005075 259
13009072 260
13009175 261
13013045 262
13015847 263
13017481 264
13063882 265
13067393 266
13073450 267
13073869 268
13094653 269
13121268 270
13121413 271
13143644 272
13174652 273
13183394 274
13186142 275
13187643 276
13193616 277
13200487 278
13203642 279
13225321 280
13226363 281
13237873 282
13248194 283
13271966 284
1328043 285
13282271 286
13309499 287
13324146 288
13329273 289
13330344 290
13349335 291
13371178 292
13384188 293
13389352 294
13391298 295
13405488 296
13408161 297
13432237 298
13434877 299
13441639 300
13476125 301
13494694 302
13497206 303
13502110 304
13513697 305
13513814 306
13521968 307
13522259 308
13524265 309
13529799 310
13544521 311
13555164 312
13595483 313
13613484 314
1362465 315
13638858 316
13641967 317
1364924 318
13679354 319
13683479 320
13684010 321
13687775 322
13690206 323
13698838 324
13712795 325
13714562 326
13724280 327
13724290 328
13755489 329
13763433 330
13773847 331
1378133 332
13785224 333
13801875 334
13805890 335
13833161 336
13856745 337
13857775 338
13859412 339
13865891 340
13874540 341
13893309 342
13896184 343
13898681 344
13903549 345
13908322 346
13916610 347
13930169 348
13935694 349
13939021 350
13950113 351
13950391 352
13956033 353
13959385 354
13979525 355
13988036 356
14007277 357
14012117 358
14035040 359
14038416 360
14058180 361
14059030 362
14100954 363
14102344 364
14103417 365
14128622 366
14131521 367
14134686 368
14135479 369
14148463 370
1415480 371
14168797 372
14188788 373
14226487 374
14262850 375
14263098 376
14271376 377
14275641 378
14277966 379
14281765 380
14282412 381
14283159 382
14291185 383
14295478 384
14300837 385
14314311 386
14319339 387
14331295 388
14345338 389
14358603 390
14366658 391
14372210 392
14373719 393
14383045 394
14385087 395
14398642 396
14408969 397
14409193 398
14420581 399
14425639 400
14425865 401
14510692 402
14510877 403
14511343 404
14514660 405
14515612 406
14524496 407
14533825 408
14543535 409
14560572 410
14587477 411
14588073 412
14614585 413
14636907 414
14645127 415
14649318 416
14649657 417
14658855 418
14673789 419
14688471 420
14688745 421
14709793 422
14715014 423
1472463 424
14725362 425
14751694 426
14756570 427
14787105 428
14787207 429
14799545 430
14805482 431
14842647 432
14843048 433
14844807 434
14885895 435
14896560 436
14903708 437
14928211 438
14931284 439
14931416 440
14933375 441
14941688 442
14960910 443
14964036 444
14964037 445
14969863 446
14975852 447
14979968 448
14989906 449
14991534 450
14993084 451
14996627 452
15003542 453
15013703 454
15014006 455
15039247 456
15042725 457
15050953 458
15051436 459
15062443 460
15070091 461
15070721 462
15073909 463
15079856 464
15083416 465
15093840 466
15117392 467
15118642 468
15163226 469
15165683 470
15167003 471
15178232 472
15178307 473
15182304 474
15193555 475
15195279 476
15200231 477
152093 478
15216677 479
1522050 480
15225222 481
15227071 482
15243751 483
15246438 484
1525760 485
15269870 486
15281729 487
15290440 488
15295549 489
15304724 490
15309617 491
15338845 492
15357439 493
15375869 494
15401302 495
15405550 496
15406275 497
1544289 498
15449861 499
1545555 500
15456488 501
15507550 502
15552752 503
15557764 504
15561588 505
15563187 506
15566306 507
15569277 508
15569759 509
15571307 510
15579493 511
15583474 512
15590205 513
15616081 514
15629484 515
15642955 516
15676123 517
15680425 518
15686203 519
15689147 520
15719598 521
1572046 522
15727907 523
15740442 524
15742737 525
15770053 526
15774326 527
1581914 528
15824585 529
15837375 530
1587143 531
15892433 532
15898393 533
15898916 534
15900788 535
1591042 536
15929839 537
15949751 538
15953120 539
15966743 540
15968774 541
15969404 542
15995398 543
16007629 544
16015162 545
16030522 546
16033746 547
16040695 548
16049171 549
16068732 550
16076148 551
16077795 552
16084864 553
1609663 554
16107055 555
16116454 556
16123990 557
16145639 558
16153940 559
16159359 560
16169624 561
16180044 562
16193902 563
16218215 564
16222427 565
16239318 566
16239654 567
16245125 568
16253729 569
16256706 570
16264026 571
16266789 572
16280462 573
1630710 574
16322891 575
16359901 576
16362418 577
16378429 578
16379229 579
16409881 580
16410260 581
16411364 582
16425163 583
16427341 584
164482 585
16469871 586
16478181 587
16511596 588
16523583 589
16524604 590
16530536 591
16549864 592
16568807 593
16572892 594
16593646 595
16595534 596
16600890 597
16617647 598
16648683 599
16659117 600
16659331 601
16675486 602
16679950 603
16684099 604
16685298 605
16687089 606
1669355 607
16704773 608
16718722 609
16718742 610
16751960 611
1678701 612
16806732 613
16815319 614
1683004 615
16833574 616
16836033 617
16853870 618
16861579 619
16888160 620
16903000 621
16931142 622
16943920 623
16957235 624
16960708 625
16963253 626
16967629 627
16976710 628
16978844 629
16996107 630
17000830 631
17014370 632
17020055 633
17031137 634
17032524 635
17054361 636
17056218 637
17056749 638
17069664 639
17072383 640
17074166 641
17075526 642
17079646 643
17088300 644
17091421 645
17102704 646
17111079 647
17128280 648
17146342 649
17147582 650
17154881 651
17170943 652
17181398 653
17194479 654
17200403 655
17203732 656
17251735 657
17264338 658
17275391 659
17279615 660
17286090 661
17288129 662
17304648 663
17310063 664
17318974 665
17323156 666
17324429 667
17326427 668
17327115 669
17333922 670
17335897 671
17341453 672
17358758 673
17371195 674
17373714 675
17386725 676
17389914 677
17400623 678
17405257 679
17409193 680
17412412 681
17436761 682
17449594 683
17453425 684
17453874 685
17457944 686
17486449 687
17488987 688
17504225 689
17511165 690
17529137 691
17560149 692
17572519 693
17573018 694
17574732 695
17596470 696
17629098 697
17632970 698
17635932 699
17642118 700
17649012 701
17666916 702
17676733 703
17684113 704
17689874 705
17699996 706
17701158 707
17717169 708
17728734 709
17728751 710
17762455 711
17764522 712
17766502 713
17768088 714
17771085 715
17773919 716
17780983 717
1778131 718
17786900 719
17802371 720
17811659 721
17819015 722
17827992 723
17839847 724
17841202 725
17845330 726
17854073 727
17861163 728
17862033 729
17877354 730
17878772 731
17889908 732
17920756 733
17932953 734
17941476 735
17949572 736
17970686 737
17974406 738
17975796 739
17976185 740
17979782 741
17988434 742
18001703 743
18006385 744
18008553 745
18010246 746
18012019 747
18012359 748
18014712 749
18018599 750
18034576 751
18052099 752
1806961 753
18070321 754
18094208 755
1809485 756
18099072 757
18101928 758
1810937 759
18111055 760
18111899 761
18115758 762
18117750 763
18120261 764
1812365 765
18131181 766
18147827 767
18190165 768
18193325 769
18205498 770
18211411 771
18225813 772
18232822 773
18232850 774
18241057 775
18241545 776
18247129 777
18258261 778
18276270 779
18288044 780
1829070 781
18305762 782
18332306 783
18336841 784
18343863 785
18350725 786
18368627 787
18376996 788
18394057 789
18401064 790
18410940 791
18417861 792
18422153 793
18445288 794
18448166 795
18448365 796
18454058 797
18463998 798
18466797 799
18466827 800
1847029 801
18472115 802
18478731 803
18492579 804
18501727 805
18509976 806
18511622 807
18515098 808
18523010 809
18526860 810
1853081 811
18551664 812
18557438 813
18560936 814
18561458 815
18576522 816
18577231 817
18600330 818
18613548 819
18636971 820
18656708 821
18667739 822
18675797 823
18687552 824
18688014 825
18695566 826
1872648 827
18729588 828
18762210 829
18765297 830
18779119 831
18787391 832
18790131 833
18790735 834
18800229 835
188025 836
18804909 837
18820501 838
18825950 839
18834276 840
18845461 841
18857413 842
1885988 843
1887696 844
18880219 845
18895096 846
18895184 847
1889724 848
1891745 849
18923102 850
18923309 851
18925261 852
18941192 853
18943493 854
18945417 855
18970726 856
189790 857
19004743 858
1900980 859
19025507 860
19038345 861
19050422 862
19058165 863
19078792 864
19081120 865
19083671 866
19095583 867
19097731 868
19113672 869
19133799 870
19138782 871
19142074 872
19143743 873
19144196 874
19147671 875
19148187 876
1915750 877
19172525 878
19181173 879
19210644 880
19220265 881
19220776 882
19221751 883
1922328 884
19225000 885
19230802 886
19231731 887
19241137 888
19243600 889
19246822 890
19251134 891
19252546 892
19253386 893
19269818 894
19271959 895
19306105 896
19322183 897
1932573 898
19343397 899
19348275 900
19352100 901
19364232 902
19365003 903
19371195 904
19378100 905
19382317 906
1938260 907
19390801 908
19391196 909
1939461 910
19398288 911
19416909 912
19417912 913
19429951 914
19436053 915
19445690 916
19449862 917
19458813 918
19471109 919
19488539 920
19507864 921
19511877 922
19513438 923
1951380 924
19513918 925
19519846 926
19536380 927
19552171 928
19567897 929
19573135 930
19579789 931
19583144 932
19585588 933
19588925 934
19589541 935
19597167 936
19597705 937
19600994 938
19602957 939
19609708 940
19618640 941
19621537 942
19630894 943
19633197 944
19641346 945
19652190 946
19653190 947
19655072 948
19663972 949
19669086 950
19678709 951
19679166 952
19699588 953
19705428 954
19706383 955
19716936 956
19720965 957
19721489 958
19731477 959
19735709 960
19735747 961
19738312 962
19743452 963
19744635 964
19753556 965
19758254 966
19762366 967
19765189 968
19780406 969
19791615 970
19795380 971
19802851 972
19803811 973
19804301 974
19807052 975
19811488 976
19827865 977
1983560 978
19840544 979
19842015 980
19848038 981
19855777 982
19856226 983
1986443 984
19871205 985
19872286 986
19874542 987
19875157 988
19877583 989
19877826 990
19889696 991
19892320 992
19899441 993
19901685 994
19915115 995
19922304 996
19922748 997
19924064 998
19928357 999
19953811 1000
19959554 1001
19969673 1002
19971099 1003
19976793 1004
19983786 1005
19985952 1006
19988095 1007
19989883 1008
19990108 1009
20001165 1010
20013684 1011
20026174 1012
20027056 1013
2003771 1014
20049334 1015
20062936 1016
20064129 1017
2007553 1018
20086428 1019
20088831 1020
20089252 1021
20103575 1022
20103690 1023
20105054 1024
20110542 1025
20115355 1026
20118662 1027
20121549 1028
20131516 1029
20146149 1030
20146191 1031
20150751 1032
20167990 1033
20170372 1034
20171320 1035
20182905 1036
20201500 1037
20205316 1038
20206464 1039
20226247 1040
2023391 1041
20236538 1042
20243271 1043
20246370 1044
20259463 1045
20262202 1046
20266486 1047
20268884 1048
20278923 1049
20282253 1050
20293302 1051
20294373 1052
20295217 1053
20312907 1054
20318154 1055
20324205 1056
20328462 1057
20329574 1058
20332555 1059
20334283 1060
20362649 1061
20372505 1062
20376780 1063
20379160 1064
20380117 1065
20386082 1066
2038703 1067
20393794 1068
20396625 1069
20396805 1070
20415465 1071
20419328 1072
20435379 1073
20436674 1074
2045881 1075
20459818 1076
20461756 1077
20461951 1078
20477740 1079
20484404 1080
20502548 1081
20513184 1082
20517552 1083
20517931 1084
20525186 1085
20529189 1086
2053100 1087
20531128 1088
20531673 1089
20551611 1090
20563762 1091
20572447 1092
20579700 1093
20599690 1094
20612429 1095
20615242 1096
20632527 1097
20633195 1098
20643808 1099
20650789 1100
20658396 1101
20662788 1102
20663228 1103
20663759 1104
20667693 1105
20670233 1106
20674473 1107
20678627 1108
2069749 1109
20704520 1110
20712245 1111
20719363 1112
20720593 1113
20720822 1114
20726767 1115
20730675 1116
20745272 1117
20747916 1118
20751550 1119
20756649 1120
20756803 1121
20766013 1122
20771070 1123
20799829 1124
2080206 1125
2080301 1126
20806669 1127
20820048 1128
20823992 1129
2083631 1130
20849551 1131
20850743 1132
20862921 1133
20864078 1134
2087149 1135
20873 1136
20875004 1137
20898295 1138
20906857 1139
20925304 1140
20928320 1141
2092940 1142
20934326 1143
20935066 1144
20935359 1145
20941600 1146
20947448 1147
20952241 1148
20953022 1149
20972240 1150
20975401 1151
20986287 1152
20987825 1153
2098846 1154
20992553 1155
20998054 1156
21009331 1157
21027828 1158
21034978 1159
21040186 1160
21047347 1161
2105301 1162
21053414 1163
21057571 1164
21061574 1165
21072135 1166
21072271 1167
21073598 1168
21076893 1169
21081434 1170
21085531 1171
21093179 1172
21102246 1173
21104150 1174
21107102 1175
21108983 1176
21110813 1177
21122611 1178
21127984 1179
21132964 1180
21138930 1181
21151090 1182
21154354 1183
21164429 1184
21165740 1185
21165820 1186
21167647 1187
21192892 1188
21194198 1189
21205692 1190
21206453 1191
21208034 1192
21211727 1193
21216547 1194
21221477 1195
21235593 1196
21239420 1197
21247837 1198
21249515 1199
2126375 1200
21280802 1201
21287214 1202
21293387 1203
2129461 1204
21302561 1205
21310818 1206
21316558 1207
21321319 1208
21337263 1209
21340266 1210
21347613 1211
21356428 1212
21368725 1213
21373545 1214
21382617 1215
21386785 1216
21388048 1217
21389440 1218
21390104 1219
21397734 1220
21398725 1221
21400359 1222
21402253 1223
21407671 1224
21410231 1225
21415608 1226
21422401 1227
21424476 1228
21428852 1229
21433484 1230
21440018 1231
21445152 1232
2144730 1233
21449918 1234
21456314 1235
2145642 1236
21456666 1237
21458625 1238
2147646 1239
21482905 1240
21483172 1241
21483615 1242
2149453 1243
21497568 1244
21502753 1245
21510790 1246
21525075 1247
21532038 1248
21535650 1249
21539919 1250
21540878 1251
21543725 1252
21547823 1253
21558282 1254
21573215 1255
21581871 1256
21600843 1257
21602393 1258
21603310 1259
21603371 1260
21614418 1261
21618422 1262
21618897 1263
21626763 1264
21645141 1265
21651604 1266
21656247 1267
21656979 1268
21674216 1269
21680218 1270
21684347 1271
21701201 1272
21720088 1273
21728634 1274
21731147 1275
21743891 1276
21751476 1277
21760947 1278
21767091 1279
21782763 1280
21788624 1281
21811696 1282
21838543 1283
21843775 1284
21847973 1285
21853286 1286
2185390 1287
21861310 1288
21863831 1289
21864864 1290
21912251 1291
21939408 1292
21940109 1293
21942816 1294
21952124 1295
21973022 1296
21995024 1297
21995769 1298
21998513 1299
21999968 1300
22000817 1301
22003254 1302
22003921 1303
2202862 1304
22046158 1305
22058742 1306
22068956 1307
22070276 1308
2207233 1309
22080484 1310
22087313 1311
22089651 1312
22090662 1313
22106471 1314
22114329 1315
22116156 1316
22121898 1317
22124397 1318
22130879 1319
2213287 1320
22135056 1321
22141676 1322
22150677 1323
2216926 1324
22191984 1325
22193740 1326
22196708 1327
22200622 1328
22202043 1329
22207351 1330
22238051 1331
22241132 1332
22241292 1333
22243992 1334
22268070 1335
22277456 1336
22283476 1337
22284279 1338
22285770 1339
22297577 1340
22310678 1341
22311595 1342
22313538 1343
22331862 1344
22337287 1345
22341340 1346
22345992 1347
22366961 1348
2237090 1349
22379884 1350
22384807 1351
22386027 1352
22391765 1353
2239372 1354
22400112 1355
22403457 1356
22404940 1357
22411695 1358
22418113 1359
22422013 1360
22424221 1361
22444246 1362
22446835 1363
22449108 1364
22453766 1365
2247034 1366
22475966 1367
2248198 1368
22488291 1369
22493771 1370
22496513 1371
22505143 1372
22508317 1373
22536388 1374
22540548 1375
22543323 1376
2254601 1377
22548775 1378
22556779 1379
22558059 1380
22569903 1381
22573896 1382
22589985 1383
22601482 1384
22608027 1385
22615608 1386
2261672 1387
22626184 1388
22640994 1389
22642283 1390
22653458 1391
22661051 1392
2266132 1393
22664038 1394
22666311 1395
22667688 1396
22670081 1397
22683177 1398
22690375 1399
22690640 1400
22692314 1401
22700692 1402
2271112 1403
22738033 1404
22738847 1405
22739750 1406
22740635 1407
22749916 1408
22753332 1409
22774480 1410
22782255 1411
22789296 1412
22791955 1413
22796276 1414
22806279 1415
22809822 1416
22817853 1417
22833926 1418
22834535 1419
22834776 1420
2283936 1421
22853473 1422
2285449 1423
22858327 1424
22863646 1425
22882437 1426
22882769 1427
22883629 1428
22892769 1429
22895192 1430
22898973 1431
22904506 1432
22912808 1433
22917347 1434
22918410 1435
22919029 1436
22921542 1437
22926210 1438
22933498 1439
22942262 1440
22951477 1441
22953961 1442
22963616 1443
22964895 1444
22966526 1445
22992020 1446
22997317 1447
23035630 1448
23046440 1449
23054660 1450
23056958 1451
23062564 1452
23065821 1453
23078034 1454
23080260 1455
23086544 1456
23097889 1457
23115270 1458
23115503 1459
23119879 1460
23120903 1461
23122074 1462
23145985 1463
23148716 1464
23149561 1465
23157664 1466
23164554 1467
23177385 1468
23191344 1469
23223548 1470
23228933 1471
23239802 1472
23240516 1473
23257652 1474
23261602 1475
23266747 1476
23269126 1477
23272015 1478
2327556 1479
23281028 1480
23283269 1481
23292060 1482
23297625 1483
23302299 1484
23309085 1485
23327884 1486
23353612 1487
2335943 1488
23366366 1489
23367575 1490
23386605 1491
23426051 1492
23450689 1493
23452074 1494
2345891 1495
23460237 1496
23468780 1497
23478588 1498
23478705 1499
23482623 1500
23484908 1501
23512696 1502
23519642 1503
23520638 1504
23521194 1505
23525654 1506
23529913 1507
23540887 1508
23550906 1509
23555745 1510
23571590 1511
23571771 1512
23578548 1513
23581927 1514
23584761 1515
23596263 1516
23598124 1517
23614349 1518
23618612 1519
23618672 1520
23621619 1521
23627664 1522
23633383 1523
23634577 1524
23638107 1525
23639592 1526
23641968 1527
23646360 1528
23647150 1529
23651055 1530
23663460 1531
2366446 1532
23666777 1533
23667553 1534
23674876 1535
23688882 1536
23695172 1537
23711533 1538
23718022 1539
23718286 1540
23727213 1541
23759547 1542
23762585 1543
23772625 1544
23790329 1545
23793613 1546
23798715 1547
23803365 1548
23804040 1549
23804682 1550
23807418 1551
23820590 1552
23821634 1553
23823723 1554
23838405 1555
23839779 1556
23861221 1557
23868560 1558
23889058 1559
23889708 1560
23893915 1561
23900514 1562
23901516 1563
23904827 1564
23911199 1565
23929315 1566
23932239 1567
23971307 1568
23975903 1569
23977062 1570
23979763 1571
23984557 1572
23995184 1573
24021045 1574
24026006 1575
24030766 1576
24034521 1577
24043036 1578
24050744 1579
24067539 1580
24073673 1581
24088937 1582
24105530 1583
24109351 1584
24111726 1585
24131663 1586
24136983 1587
24138415 1588
24146889 1589
24158191 1590
24161812 1591
2416856 1592
24180850 1593
24186050 1594
24188616 1595
24197428 1596
24204981 1597
24224447 1598
24229609 1599
24242775 1600
24268146 1601
24294375 1602
24295506 1603
24306793 1604
24336280 1605
24336537 1606
2433747 1607
24342750 1608
24348757 1609
24353925 1610
24358117 1611
24372256 1612
24372437 1613
24384132 1614
24384256 1615
24386835 1616
24387505 1617
24387804 1618
24393306 1619
24404585 1620
24414431 1621
24420210 1622
24429672 1623
24432239 1624
24434511 1625
24436999 1626
24441037 1627
24447380 1628
24449748 1629
24473808 1630
24483619 1631
24485918 1632
24497933 1633
24500410 1634
24502164 1635
2450254 1636
24505999 1637
24513609 1638
2451696 1639
24523121 1640
24523179 1641
24525486 1642
24528192 1643
24541200 1644
24542603 1645
24548170 1646
24553993 1647
24576381 1648
24576823 1649
24579428 1650
2457954 1651
24591699 1652
24595080 1653
24595998 1654
24602146 1655
24606469 1656
24645354 1657
24645694 1658
2464614 1659
24646525 1660
24649097 1661
24650735 1662
2465995 1663
24668218 1664
24671028 1665
24679163 1666
24680441 1667
24687297 1668
24717576 1669
24745079 1670
24772168 1671
24787780 1672
24789544 1673
24800192 1674
24830984 1675
24855368 1676
24857447 1677
2486264 1678
24875612 1679
24881046 1680
24885373 1681
24887407 1682
24889274 1683
24891568 1684
24901961 1685
24904353 1686
2492071 1687
24925261 1688
24931582 1689
24935808 1690
24936035 1691
24936765 1692
24940678 1693
24945142 1694
24949925 1695
24952840 1696
24958712 1697
24961597 1698
24966649 1699
2497369 1700
24981211 1701
24986912 1702
25005479 1703
25016027 1704
25018122 1705
25036591 1706
25039720 1707
25044576 1708
25049637 1709
25054453 1710
25058065 1711
25066303 1712
25075129 1713
25079729 1714
25087078 1715
25089816 1716
2509078 1717
25097481 1718
25104039 1719
25105949 1720
25121639 1721
25129625 1722
25142681 1723
25147784 1724
25153274 1725
25157400 1726
25160400 1727
25174874 1728
25181205 1729
25192924 1730
25205409 1731
25206797 1732
25208474 1733
25223669 1734
25229184 1735
25229514 1736
25232699 1737
25245700 1738
2525100 1739
25261925 1740
25262538 1741
25266993 1742
25276379 1743
25299222 1744
25307281 1745
25308588 1746
25316857 1747
25319520 1748
25322317 1749
25326154 1750
25334540 1751
25343475 1752
25343637 1753
25349195 1754
25367522 1755
25378876 1756
25394736 1757
25397044 1758
25399151 1759
25408523 1760
25410404 1761
25413116 1762
25417351 1763
25420500 1764
2542176 1765
25423680 1766
25425016 1767
25429183 1768
25429605 1769
25430932 1770
25434818 1771
25446002 1772
25455498 1773
25488252 1774
25500217 1775
25510865 1776
25517715 1777
25520209 1778
25527457 1779
25527464 1780
25528693 1781
2554169 1782
25545923 1783
25563757 1784
25566403 1785
25566708 1786
25578917 1787
25583324 1788
25590047 1789
25593740 1790
25595703 1791
25610696 1792
25615072 1793
25621667 1794
25626201 1795
25630426 1796
25631702 1797
25633674 1798
2563852 1799
25645344 1800
25649191 1801
2565074 1802
25657127 1803
25664629 1804
25666150 1805
25678635 1806
25702421 1807
25705798 1808
25708507 1809
25718775 1810
25720182 1811
25728112 1812
25751508 1813
25756999 1814
25763352 1815
25775639 1816
25785155 1817
25792553 1818
25801317 1819
25802072 1820
25802582 1821
25805550 1822
25812393 1823
25827006 1824
25827586 1825
25828816 1826
25829709 1827
25837378 1828
25838426 1829
25848401 1830
25858492 1831
25867360 1832
25877194 1833
25888768 1834
25890310 1835
25911364 1836
25938547 1837
25991186 1838
25997438 1839
25998769 1840
2599956 1841
26000058 1842
26004425 1843
26006496 1844
26009827 1845
26011662 1846
26022843 1847
26024641 1848
26025082 1849
26029585 1850
26031033 1851
26036540 1852
26071489 1853
26079859 1854
26085169 1855
2610058 1856
26109697 1857
26110875 1858
26110938 1859
26136196 1860
26137950 1861
26142626 1862
26168045 1863
26175896 1864
26176016 1865
26176162 1866
26184977 1867
26188834 1868
26192654 1869
26193385 1870
26195245 1871
26199495 1872
26209948 1873
26223557 1874
26223962 1875
26224553 1876
26229439 1877
26230840 1878
26236497 1879
26248626 1880
26260306 1881
26264474 1882
26274361 1883
26274893 1884
26276396 1885
26276659 1886
26286878 1887
26288235 1888
26291066 1889
26291368 1890
26304777 1891
26310102 1892
26318878 1893
26327977 1894
26361104 1895
26362177 1896
26364088 1897
26367593 1898
26371318 1899
26398099 1900
26429353 1901
26436282 1902
26444519 1903
26470886 1904
2648921 1905
26491546 1906
26506772 1907
26509968 1908
26515627 1909
26518186 1910
26521269 1911
26538925 1912
2654200 1913
26542245 1914
26547414 1915
26557750 1916
26565298 1917
26567739 1918
26578319 1919
26587913 1920
2659884 1921
26617600 1922
26617953 1923
26619020 1924
26623645 1925
26623969 1926
26626394 1927
26626887 1928
26630819 1929
2663307 1930
26633102 1931
26639752 1932
26640786 1933
26650579 1934
26657993 1935
26661381 1936
26662340 1937
26663367 1938
26669845 1939
26675890 1940
26677165 1941
26684459 1942
26686561 1943
26687488 1944
26695345 1945
26696662 1946
26717287 1947
26719173 1948
26738637 1949
26738646 1950
26743630 1951
26753658 1952
26758520 1953
26767097 1954
26774850 1955
26775555 1956
26777768 1957
26780209 1958
26781742 1959
26795602 1960
26797128 1961
26799695 1962
26817678 1963
26820009 1964
26825501 1965
26839302 1966
26839473 1967
268405 1968
26849318 1969
26856718 1970
2685784 1971
26866268 1972
26872381 1973
26887189 1974
26897927 1975
26899337 1976
26899521 1977
26905841 1978
26910036 1979
26919896 1980
26924053 1981
2692475 1982
26925271 1983
26935114 1984
26936007 1985
26938253 1986
26959438 1987
26965111 1988
26969272 1989
26969297 1990
26976764 1991
26980138 1992
2699999 1993
27002095 1994
27004469 1995
27004725 1996
27006147 1997
27008906 1998
2701371 1999
27018491 2000
27028316 2001
27030166 2002
27037533 2003
27037908 2004
27046420 2005
27054268 2006
27058413 2007
27068992 2008
27070673 2009
27077490 2010
27088313 2011
27092105 2012
27102820 2013
27103860 2014
27108256 2015
27117780 2016
27125748 2017
27131276 2018
27136498 2019
27150080 2020
27161000 2021
27166316 2022
27175765 2023
27183131 2024
27189450 2025
27195839 2026
27197407 2027
27199528 2028
27207084 2029
27212465 2030
27220937 2031
27232018 2032
27233009 2033
27234931 2034
27236917 2035
27238431 2036
27242496 2037
27256085 2038
27269244 2039
27269367 2040
27270975 2041
27271115 2042
27273411 2043
27287901 2044
27297397 2045
27297456 2046
27301265 2047
27305642 2048
27307655 2049
27317544 2050
27323041 2051
27326081 2052
27374626 2053
27388694 2054
27389287 2055
27392517 2056
27413872 2057
27420811 2058
27435520 2059
27443596 2060
27452787 2061
27458254 2062
27459739 2063
27461656 2064
27467720 2065
27473426 2066
27473557 2067
2750144 2068
27505768 2069
2751192 2070
27516513 2071
27519365 2072
27526549 2073
27529473 2074
27532863 2075
27536608 2076
27538173 2077
27544135 2078
27548283 2079
27559752 2080
2756460 2081
27581219 2082
27590626 2083
27596545 2084
27602446 2085
27611357 2086
27611437 2087
27613360 2088
2764406 2089
2764655 2090
27654612 2091
27658149 2092
27674812 2093
27685580 2094
27688370 2095
27691266 2096
27697930 2097
2770329 2098
27704489 2099
27714863 2100
27715288 2101
27715524 2102
27719027 2103
27720007 2104
27729258 2105
2773590 2106
27740294 2107
27740501 2108
27745801 2109
27746632 2110
27749135 2111
27759689 2112
27770263 2113
27773909 2114
27789199 2115
27789493 2116
27805646 2117
27820623 2118
27823455 2119
27840369 2120
27842107 2121
27863702 2122
27868068 2123
27871352 2124
27883702 2125
2788546 2126
27891828 2127
27893199 2128
27908352 2129
27914403 2130
27922293 2131
27931140 2132
27954046 2133
27958031 2134
27960575 2135
27985570 2136
27988125 2137
28004366 2138
28005402 2139
28012917 2140
28015527 2141
28025726 2142
28039426 2143
28051360 2144
28054099 2145
28077190 2146
28079800 2147
28080560 2148
28081557 2149
28082068 2150
2808237 2151
28089913 2152
28095473 2153
28096069 2154
28101838 2155
28104556 2156
28106079 2157
28110523 2158
28122482 2159
28123489 2160
28131580 2161
28143631 2162
28146773 2163
28153509 2164
2815715 2165
28161561 2166
28163125 2167
28182958 2168
28192689 2169
28198896 2170
28202072 2171
28203786 2172
28211028 2173
28219946 2174
28229102 2175
28232887 2176
28233824 2177
28239200 2178
28252054 2179
28254611 2180
28257897 2181
28269084 2182
28286090 2183
28295388 2184
28297106 2185
28298221 2186
28307734 2187
28311368 2188
28317474 2189
28320999 2190
28323289 2191
28327143 2192
28334347 2193
28336639 2194
28337565 2195
28338038 2196
2834505 2197
28345313 2198
28350093 2199
28350200 2200
28360092 2201
28360555 2202
28367435 2203
28376266 2204
28384607 2205
28389262 2206
28390652 2207
28392651 2208
28394635 2209
28401883 2210
28418132 2211
28421168 2212
28436459 2213
28440219 2214
28456277 2215
28456602 2216
28457000 2217
28458561 2218
28468920 2219
28471296 2220
28476890 2221
28482504 2222
28485767 2223
28488488 2224
2849969 2225
2849979 2226
28507093 2227
28515254 2228
28553497 2229
28556684 2230
28557033 2231
28563417 2232
28564991 2233
28566488 2234
28566640 2235
28569210 2236
28569984 2237
28573772 2238
28580701 2239
28581621 2240
28588477 2241
2859288 2242
28593610 2243
28595921 2244
28597802 2245
28597963 2246
28599183 2247
28599985 2248
28612072 2249
28620495 2250
28631578 2251
28634712 2252
28651450 2253
28658877 2254
28668160 2255
28686895 2256
28691181 2257
28692689 2258
28706729 2259
28737120 2260
28743984 2261
28749694 2262
28760694 2263
28763937 2264
28767152 2265
28782164 2266
28783030 2267
28788086 2268
28794223 2269
28800337 2270
28803176 2271
28825914 2272
28826426 2273
28828784 2274
28834792 2275
28835861 2276
28841738 2277
28841797 2278
28845942 2279
28857729 2280
28860754 2281
28866778 2282
28871966 2283
28873287 2284
28879552 2285
28881614 2286
28890897 2287
28897842 2288
28901769 2289
28921638 2290
28933861 2291
28937359 2292
28938955 2293
28942362 2294
28945109 2295
28947779 2296
28960219 2297
28961674 2298
28968307 2299
28969482 2300
2897869 2301
28981418 2302
28986160 2303
2899316 2304
29000810 2305
29001501 2306
29004001 2307
29006214 2308
29021712 2309
29022217 2310
29029246 2311
29031447 2312
29031809 2313
29045697 2314
29059719 2315
29071732 2316
29077123 2317
29080261 2318
29082140 2319
29089183 2320
2909020 2321
29123706 2322
29143736 2323
29156211 2324
29159651 2325
29170065 2326
29176817 2327
29178405 2328
29178803 2329
29180675 2330
29181712 2331
29182667 2332
29189479 2333
2919597 2334
29200497 2335
29201070 2336
29203413 2337
29219264 2338
29226000 2339
29227954 2340
29230945 2341
29233351 2342
29258310 2343
29259143 2344
29264901 2345
29265391 2346
29275752 2347
29282071 2348
29290685 2349
29292795 2350
29297470 2351
29300283 2352
29314597 2353
29321711 2354
29326180 2355
29329812 2356
29339556 2357
2936106 2358
29365476 2359
29368966 2360
29371546 2361
29375708 2362
29378018 2363
29378474 2364
29386583 2365
29387559 2366
29392450 2367
29393360 2368
29403647 2369
29408410 2370
29414605 2371
29415307 2372
29418827 2373
29421238 2374
29422884 2375
29426254 2376
29428194 2377
29432762 2378
29435655 2379
29472771 2380
29476996 2381
29477447 2382
29489034 2383
2949311 2384
29502706 2385
29519448 2386
29527093 2387
29529024 2388
29529031 2389
29537259 2390
29540359 2391
29550500 2392
29554474 2393
29576392 2394
29588848 2395
29589755 2396
29591270 2397
29601656 2398
29608443 2399
29610270 2400
29618277 2401
29620277 2402
29621014 2403
29627277 2404
29654367 2405
29661804 2406
29665965 2407
29670336 2408
29671107 2409
29671265 2410
29675616 2411
29682685 2412
2970103 2413
29701998 2414
29704396 2415
29720745 2416
29735697 2417
29737493 2418
29747433 2419
2974785 2420
29753127 2421
29761725 2422
29771921 2423
29772510 2424
2977370 2425
29775264 2426
29779848 2427
29780593 2428
29783245 2429
29798769 2430
29807292 2431
29813076 2432
29813097 2433
29819443 2434
2982054 2435
29822425 2436
29825391 2437
29826321 2438
29826921 2439
29835972 2440
29844975 2441
29845108 2442
29848295 2443
29856416 2444
29857427 2445
29862069 2446
29862507 2447
29876063 2448
29885230 2449
29891692 2450
29892310 2451
29895764 2452
29897264 2453
29898556 2454
29901422 2455
29909505 2456
29910010 2457
29910219 2458
29910478 2459
29912504 2460
29912891 2461
29921527 2462
29937220 2463
29940377 2464
29951559 2465
29961077 2466
29965564 2467
29968059 2468
29970029 2469
29975673 2470
29980600 2471
29981634 2472
29994298 2473
29999642 2474
30001083 2475
30001419 2476
30001720 2477
30012340 2478
30029291 2479
30040254 2480
30056798 2481
30058895 2482
30059774 2483
3006324 2484
30064146 2485
30064201 2486
30065338 2487
30069845 2488
30070617 2489
30074425 2490
30077959 2491
30085069 2492
30091717 2493
30095662 2494
30098299 2495
30114736 2496
30124630 2497
30130354 2498
30133291 2499
30169177 2500
30169796 2501
30171280 2502
30177691 2503
30183662 2504
30184978 2505
30188705 2506
30195280 2507
30197516 2508
30198519 2509
30203373 2510
30205748 2511
30206472 2512
30214656 2513
3021831 2514
30223539 2515
30235551 2516
30243360 2517
30265467 2518
30265695 2519
30267574 2520
30274418 2521
30286127 2522
30320306 2523
30320837 2524
30323614 2525
30330309 2526
30335492 2527
30340678 2528
30343575 2529
30343935 2530
30350942 2531
30355610 2532
30361956 2533
30366455 2534
30372839 2535
30378153 2536
3037947 2537
30388944 2538
30389777 2539
30392007 2540
30396055 2541
30400426 2542
30400712 2543
30405308 2544
30411070 2545
30415852 2546
30433766 2547
30436013 2548
30440969 2549
30443955 2550
30446365 2551
30446505 2552
3044803 2553
30451955 2554
30452519 2555
30460440 2556
30467344 2557
30468717 2558
30470546 2559
30476370 2560
30493758 2561
30496889 2562
30501245 2563
30501355 2564
30503033 2565
30504125 2566
30522944 2567
30536219 2568
30540392 2569
30545674 2570
30548679 2571
30552401 2572
30553896 2573
30560583 2574
30563194 2575
30569330 2576
3057596 2577
30580759 2578
30589224 2579
30589315 2580
30591799 2581
30593426 2582
3061400 2583
30619051 2584
30620368 2585
30628054 2586
30634503 2587
30636961 2588
30637591 2589
30638988 2590
30638991 2591
30646827 2592
30669253 2593
30681437 2594
30684760 2595
30685945 2596
30688083 2597
30697844 2598
30704336 2599
30712354 2600
30712493 2601
30726139 2602
30732550 2603
30752974 2604
30769568 2605
30770595 2606
30775266 2607
30783711 2608
30788867 2609
30789844 2610
30791073 2611
30794466 2612
30795097 2613
30800710 2614
30802387 2615
30803306 2616
30807966 2617
30818877 2618
30824951 2619
30828173 2620
30828864 2621
30834224 2622
30846061 2623
30847331 2624
30857971 2625
30865691 2626
30875424 2627
30875806 2628
30879133 2629
30895908 2630
30896288 2631
30896546 2632
30897523 2633
30898128 2634
30901014 2635
30902911 2636
30905276 2637
30910430 2638
30913872 2639
30919523 2640
30926487 2641
30946222 2642
30956746 2643
30956779 2644
30957275 2645
30957366 2646
30963004 2647
30964038 2648
30964982 2649
30970558 2650
30975982 2651
30980226 2652
30989235 2653
30991985 2654
30995856 2655
31002944 2656
31006794 2657
31020714 2658
31034936 2659
31048459 2660
31049834 2661
31054793 2662
31055163 2663
31056990 2664
31057475 2665
31063413 2666
31072263 2667
31072901 2668
31092379 2669
31096355 2670
31099173 2671
31102027 2672
31104239 2673
31106156 2674
31146219 2675
31151638 2676
31170104 2677
31173325 2678
31173857 2679
31181379 2680
31183786 2681
31195457 2682
31205029 2683
31208456 2684
31211415 2685
31217407 2686
31217592 2687
31219188 2688
31220115 2689
31227050 2690
31236094 2691
31243550 2692
31244333 2693
31246494 2694
31251350 2695
31252459 2696
31252765 2697
3126073 2698
31261895 2699
31263492 2700
31270620 2701
31270997 2702
31278000 2703
31279561 2704
31281561 2705
31283606 2706
31293176 2707
31293465 2708
31294975 2709
31297941 2710
31299155 2711
31304403 2712
31304444 2713
31308015 2714
31310645 2715
31312340 2716
31315658 2717
31321102 2718
31322624 2719
31325273 2720
31326116 2721
31333231 2722
31336930 2723
31338879 2724
31347733 2725
31348409 2726
31349063 2727
31365891 2728
31370819 2729
31371045 2730
31373503 2731
31375601 2732
31380867 2733
31387665 2734
31393645 2735
31405698 2736
31406740 2737
31408047 2738
31410575 2739
31413073 2740
31423179 2741
31423519 2742
31426197 2743
31430020 2744
31432915 2745
31436816 2746
31440647 2747
31455471 2748
31462625 2749
31472466 2750
31476079 2751
31478748 2752
31486634 2753
31488716 2754
31493044 2755
31496327 2756
31512413 2757
31513537 2758
31515365 2759
31519567 2760
31521168 2761
31522053 2762
31522700 2763
31524251 2764
31526517 2765
31527231 2766
31538045 2767
31551606 2768
31551776 2769
31557808 2770
31562617 2771
31579732 2772
31585239 2773
31602334 2774
31603734 2775
31621719 2776
31629535 2777
31630001 2778
31633526 2779
31639166 2780
31640451 2781
31647606 2782
31649171 2783
31653456 2784
31655186 2785
31660881 2786
31677775 2787
31685126 2788
31685468 2789
31686620 2790
31690125 2791
31694136 2792
31699186 2793
31701821 2794
31707542 2795
31709091 2796
31710212 2797
31714160 2798
31718394 2799
31721138 2800
31730415 2801
31735496 2802
31738028 2803
31743412 2804
31745344 2805
31753645 2806
31757669 2807
3175791 2808
31763147 2809
3176740 2810
31768505 2811
31768684 2812
31774382 2813
31774506 2814
31795494 2815
31804266 2816
31806349 2817
31809026 2818
31809030 2819
31811279 2820
31811549 2821
31812434 2822
31814235 2823
31816525 2824
31827339 2825
31830224 2826
31832611 2827
31836137 2828
31845376 2829
31846774 2830
31846969 2831
31856879 2832
31867587 2833
31890065 2834
31890647 2835
31894273 2836
31897162 2837
31904912 2838
31909781 2839
31909972 2840
31910945 2841
31914242 2842
31916389 2843
31916943 2844
31920573 2845
31922489 2846
31923092 2847
31928851 2848
31932386 2849
31933683 2850
31950383 2851
31955077 2852
31968536 2853
31988608 2854
31995816 2855
31998211 2856
32000124 2857
32003298 2858
32006685 2859
32021744 2860
32023885 2861
32025622 2862
32026689 2863
32040403 2864
32041510 2865
32047238 2866
32049248 2867
32051854 2868
3205625 2869
32069754 2870
32090835 2871
32096835 2872
32101097 2873
32114436 2874
32117028 2875
32117475 2876
32118996 2877
32122257 2878
32125188 2879
32130160 2880
32132174 2881
32137540 2882
32138401 2883
32145681 2884
32153890 2885
32157037 2886
3215731 2887
32164266 2888
32167147 2889
32167459 2890
32167533 2891
32177720 2892
32179976 2893
32181325 2894
32185328 2895
32185758 2896
32188610 2897
32200266 2898
32204951 2899
32211476 2900
32216288 2901
32220318 2902
32223985 2903
32225801 2904
32231367 2905
32233793 2906
32235375 2907
32238628 2908
32239835 2909
32240173 2910
32249978 2911
32250077 2912
32261033 2913
32261380 2914
32261927 2915
32263608 2916
32273590 2917
32275191 2918
32278900 2919
32283265 2920
32283415 2921
32286308 2922
32293926 2923
32299586 2924
32303963 2925
32309229 2926
32309710 2927
32310229 2928
32315516 2929
32316911 2930
32319104 2931
32335968 2932
3234119 2933
32341478 2934
32341992 2935
32343126 2936
32343764 2937
32343980 2938
32350218 2939
32350318 2940
32353403 2941
32366960 2942
32367643 2943
32374261 2944
32379727 2945
32382391 2946
32387152 2947
32388121 2948
32393702 2949
32396420 2950
32400216 2951
32401262 2952
32412406 2953
32418794 2954
32436294 2955
32436306 2956
32438008 2957
32446367 2958
32453109 2959
32453767 2960
32461350 2961
32464385 2962
32477309 2963
32487889 2964
3249534 2965
32505290 2966
32513944 2967
32514246 2968
32514621 2969
32521388 2970
32527718 2971
32527994 2972
32530604 2973
32544728 2974
32551731 2975
32551801 2976
32552364 2977
32559126 2978
32560277 2979
32560984 2980
32568588 2981
32572371 2982
32573286 2983
32580179 2984
32584611 2985
32597388 2986
32598256 2987
32599060 2988
32599299 2989
32606076 2990
32617284 2991
32623939 2992
32632033 2993
32640332 2994
32646325 2995
32649446 2996
32649562 2997
32650173 2998
32656469 2999
32661970 3000
32673887 3001
32678421 3002
32678824 3003
32689135 3004
32695068 3005
32701197 3006
3270238 3007
32702779 3008
32707871 3009
32710746 3010
32719258 3011
32721943 3012
32723413 3013
32724484 3014
32728895 3015
32735048 3016
32742600 3017
32744049 3018
32744377 3019
32745225 3020
32750262 3021
32753082 3022
32768987 3023
32772721 3024
32783226 3025
32784091 3026
32785993 3027
32791273 3028
32802962 3029
32808387 3030
32808451 3031
32819933 3032
32825429 3033
32833944 3034
32839710 3035
3284136 3036
32841606 3037
32846813 3038
32849779 3039
32853074 3040
32853327 3041
32872405 3042
3287596 3043
32876603 3044
32883563 3045
32885654 3046
32895089 3047
32898562 3048
32903799 3049
32907432 3050
32910018 3051
32914156 3052
32917910 3053
32926071 3054
32928702 3055
32937662 3056
32950617 3057
32963205 3058
32967592 3059
32969822 3060
32970885 3061
32977930 3062
32984019 3063
32990331 3064
32990743 3065
32996707 3066
32998381 3067
33000177 3068
33007413 3069
33012787 3070
3301977 3071
33024910 3072
33025841 3073
33029541 3074
33030672 3075
33030678 3076
330323 3077
33033015 3078
33038152 3079
33040622 3080
33048695 3081
33052439 3082
33053997 3083
33054131 3084
33054830 3085
33063081 3086
33068973 3087
33070256 3088
33077884 3089
33082353 3090
33085425 3091
33096493 3092
33105725 3093
33115 3094
33116730 3095
33126609 3096
33127080 3097
33143169 3098
33144432 3099
33144651 3100
33147553 3101
33159943 3102
33165200 3103
33172453 3104
33175758 3105
33182579 3106
33185728 3107
33189648 3108
33197084 3109
33197537 3110
33197858 3111
33200088 3112
33201600 3113
33206049 3114
33217532 3115
3321996 3116
33224156 3117
33224995 3118
33226329 3119
33228944 3120
33236960 3121
33240438 3122
33242800 3123
33251155 3124
33251315 3125
3326551 3126
33267784 3127
33272597 3128
33272849 3129
3327562 3130
33278667 3131
33284313 3132
33286851 3133
33289271 3134
33302612 3135
33310517 3136
33312836 3137
33313709 3138
33315115 3139
33322418 3140
33324606 3141
33326293 3142
33330124 3143
3333185 3144
33336705 3145
33339663 3146
33345921 3147
3334641 3148
33348437 3149
33349799 3150
33350007 3151
33352493 3152
33357925 3153
33359389 3154
33363110 3155
33370548 3156
33370652 3157
33373442 3158
33385359 3159
33394612 3160
33395369 3161
33397666 3162
33398884 3163
33409592 3164
33412550 3165
33413918 3166
33417408 3167
33419583 3168
33421903 3169
33423651 3170
33427447 3171
33430255 3172
33444574 3173
3344704 3174
33454931 3175
33460835 3176
33461071 3177
33465262 3178
33468419 3179
33477174 3180
33491896 3181
33492174 3182
33493019 3183
33493747 3184
33496354 3185
33500174 3186
33501278 3187
33507961 3188
33508306 3189
33516494 3190
33525558 3191
33533676 3192
33536886 3193
33538011 3194
33550001 3195
33550169 3196
33550825 3197
33551197 3198
33552306 3199
33553733 3200
33556954 3201
33557316 3202
33559548 3203
33561497 3204
33562122 3205
33564115 3206
33565276 3207
33573116 3208
33575653 3209
33579209 3210
33586275 3211
33590589 3212
33597516 3213
33597769 3214
33602199 3215
33609903 3216
33621077 3217
33627607 3218
33635118 3219
33643380 3220
33654042 3221
33655627 3222
33656701 3223
33669115 3224
33669197 3225
33672851 3226
33673450 3227
33673577 3228
33675300 3229
33678153 3230
33681033 3231
33684041 3232
33687579 3233
33688323 3234
33693785 3235
33705142 3236
33707057 3237
33708208 3238
33708464 3239
33713198 3240
33728121 3241
33736055 3242
33740955 3243
33743651 3244
33744331 3245
33749480 3246
33752171 3247
33752553 3248
33755087 3249
33755736 3250
33757507 3251
33765424 3252
33768800 3253
33772254 3254
33774636 3255
33780333 3256
33792943 3257
33796853 3258
33797985 3259
3379867 3260
33806816 3261
33808763 3262
33811300 3263
33812913 3264
33820164 3265
33823963 3266
33824989 3267
33826457 3268
33832441 3269
33833404 3270
33835697 3271
33839807 3272
33842291 3273
33843823 3274
33850789 3275
3385203 3276
33859022 3277
33859514 3278
33873210 3279
33874837 3280
33878756 3281
33884966 3282
33886646 3283
33908159 3284
33908933 3285
33909092 3286
3391220 3287
33915010 3288
33915189 3289
33916509 3290
33921692 3291
33925355 3292
33933083 3293
33933125 3294
33948989 3295
33958777 3296
33962846 3297
33966971 3298
33967227 3299
33986139 3300
33986801 3301
33995433 3302
33995528 3303
34003033 3304
34011282 3305
34014673 3306
34020062 3307
3402474 3308
34024984 3309
34035361 3310
34039698 3311
34043582 3312
34045546 3313
34046211 3314
34048149 3315
34049216 3316
34049516 3317
34052420 3318
34053399 3319
34053625 3320
34060818 3321
34067928 3322
34071694 3323
34078958 3324
34080280 3325
34088311 3326
34089900 3327
34095284 3328
34095986 3329
34101281 3330
34107771 3331
34108629 3332
34109429 3333
34110224 3334
34118191 3335
34126493 3336
34141884 3337
34145681 3338
34150392 3339
34153615 3340
34157014 3341
34158907 3342
34160882 3343
34161302 3344
34162102 3345
34163765 3346
34167960 3347
34169995 3348
34173222 3349
34173446 3350
3417752 3351
34180192 3352
34183203 3353
34187201 3354
34188982 3355
34193222 3356
34196051 3357
34204972 3358
34208686 3359
34209646 3360
3422468 3361
34228068 3362
34231662 3363
34234797 3364
34237923 3365
34238974 3366
34240652 3367
34245064 3368
34258630 3369
34260188 3370
34261611 3371
34264657 3372
34265092 3373
34267857 3374
34275761 3375
34278947 3376
34281781 3377
34281937 3378
34285835 3379
34286541 3380
34288857 3381
34289763 3382
34290956 3383
34291829 3384
34292543 3385
34296758 3386
34304064 3387
34307861 3388
34308528 3389
34310994 3390
34312059 3391
34312795 3392
34312884 3393
34313564 3394
34316073 3395
34317374 3396
34324108 3397
34329655 3398
34329898 3399
34345850 3400
34347177 3401
34355469 3402
34365323 3403
34375600 3404
34375859 3405
34379503 3406
34380129 3407
34381836 3408
34382637 3409
34384059 3410
34389516 3411
34393521 3412
34397671 3413
34404398 3414
34404782 3415
34409191 3416
34414408 3417
34415416 3418
34416298 3419
34417541 3420
34424038 3421
34432330 3422
34434600 3423
34434755 3424
34442647 3425
34443628 3426
34443966 3427
34455731 3428
34459129 3429
34463903 3430
34464877 3431
34467566 3432
34468692 3433
34469435 3434
34471601 3435
34479683 3436
34483519 3437
34488073 3438
34489522 3439
34509586 3440
34510125 3441
34511435 3442
34512727 3443
34514134 3444
34515935 3445
34517968 3446
34518238 3447
34523163 3448
34523418 3449
34525507 3450
34525893 3451
34526086 3452
34529014 3453
34529548 3454
34530825 3455
34532960 3456
34535670 3457
34540238 3458
34543253 3459
34547734 3460
34552317 3461
34556016 3462
34556489 3463
34556677 3464
34561977 3465
34562353 3466
34564595 3467
34566842 3468
34567129 3469
34569617 3470
34571021 3471
34571096 3472
34576228 3473
34583326 3474
34585297 3475
34586621 3476
34589597 3477
34595498 3478
34597770 3479
34601067 3480
34601200 3481
34605637 3482
34610203 3483
34611112 3484
34611638 3485
34618050 3486
34618952 3487
34627631 3488
34627866 3489
34631333 3490
34633182 3491
34639759 3492
34643570 3493
34656203 3494
34657580 3495
34661421 3496
34662615 3497
34664644 3498
34665267 3499
34669770 3500
34674155 3501
34676051 3502
34677562 3503
34679251 3504
34680290 3505
34683490 3506
34687002 3507
34697663 3508
34698233 3509
34698260 3510
34700351 3511
34706071 3512
34706114 3513
34711553 3514
34715265 3515
34719456 3516
34719977 3517
34721063 3518
34721332 3519
34722040 3520
34724145 3521
34727270 3522
34734666 3523
34736323 3524
34737774 3525
34737841 3526
34740368 3527
34740727 3528
34741279 3529
34741835 3530
34747027 3531
34755124 3532
34757700 3533
34766174 3534
34770266 3535
34771442 3536
34772018 3537
34775225 3538
34775283 3539
34775444 3540
3477857 3541
34782135 3542
347825 3543
34789876 3544
34794811 3545
34794837 3546
34796024 3547
34799503 3548
34804348 3549
34810684 3550
34829540 3551
34831212 3552
34833534 3553
34837333 3554
34841314 3555
34846249 3556
34849448 3557
34855268 3558
34856964 3559
34857159 3560
34868035 3561
34875601 3562
34876057 3563
34877568 3564
34879071 3565
34882707 3566
34888467 3567
34893105 3568
34894536 3569
34897907 3570
34901715 3571
34908294 3572
34915235 3573
34916145 3574
34919991 3575
34920027 3576
34924450 3577
34929889 3578
34934417 3579
34936635 3580
34939722 3581
34946500 3582
34949127 3583
34949793 3584
34952736 3585
34953705 3586
34956854 3587
34963826 3588
34968523 3589
34969154 3590
34970943 3591
34971192 3592
34981949 3593
34993437 3594
34999302 3595
35002164 3596
35004151 3597
35006099 3598
35009980 3599
35016299 3600
35017362 3601
35018665 3602
35020710 3603
35033562 3604
35042993 3605
35045700 3606
35045713 3607
35060025 3608
35064211 3609
35065860 3610
350662 3611
35068380 3612
35070004 3613
35075026 3614
35077510 3615
35080970 3616
35089736 3617
35090711 3618
35091940 3619
35093299 3620
35099104 3621
3509981 3622
35103145 3623
35103361 3624
35112489 3625
35112801 3626
35115175 3627
35123121 3628
35124724 3629
35128704 3630
35131065 3631
35135426 3632
35137486 3633
35144088 3634
35146189 3635
35153865 3636
35154212 3637
35157379 3638
35162860 3639
35163125 3640
35168719 3641
35177390 3642
35187674 3643
35199210 3644
35212639 3645
352137 3646
35215601 3647
35216574 3648
35219586 3649
35220219 3650
35221183 3651
35223243 3652
35226698 3653
35227372 3654
35229743 3655
35235627 3656
35244150 3657
35248522 3658
3525066 3659
35251430 3660
35252821 3661
35253672 3662
35256830 3663
35260840 3664
35265518 3665
35268940 3666
35271090 3667
35274051 3668
35275518 3669
35278208 3670
35282076 3671
35282341 3672
35285308 3673
35290948 3674
35294630 3675
35295417 3676
35296219 3677
35299965 3678
35305608 3679
35308574 3680
35309213 3681
35310003 3682
35311744 3683
35314744 3684
35317383 3685
35317558 3686
35318285 3687
35318623 3688
35325577 3689
35327001 3690
35330333 3691
35331598 3692
35338561 3693
35338725 3694
35341766 3695
3534347 3696
35344490 3697
35346318 3698
35352903 3699
35354469 3700
35361830 3701
35362801 3702
35370434 3703
35371346 3704
35373649 3705
35377397 3706
35377721 3707
35380072 3708
35382399 3709
35385013 3710
35387529 3711
35387760 3712
35390419 3713
35392729 3714
35395563 3715
35395641 3716
35401154 3717
35409612 3718
35410135 3719
35410727 3720
35411106 3721
35411667 3722
35420490 3723
35421245 3724
35421845 3725
35424179 3726
35428990 3727
35429625 3728
35430357 3729
35436058 3730
35438936 3731
35439250 3732
35440232 3733
35444419 3734
35446703 3735
35454531 3736
35457768 3737
35486304 3738
35487566 3739
35487568 3740
35494264 3741
35495315 3742
35503199 3743
35503316 3744
35508575 3745
35508922 3746
35508932 3747
35510981 3748
35512723 3749
35515068 3750
35519375 3751
35520237 3752
35521875 3753
35524711 3754
35524828 3755
35527765 3756
35528397 3757
35531836 3758
35533597 3759
35535086 3760
35535174 3761
35536660 3762
35542995 3763
35545496 3764
35546015 3765
35549054 3766
35549904 3767
35550645 3768
35550776 3769
35551399 3770
35551762 3771
35554652 3772
35556076 3773
35562335 3774
35567148 3775
35568787 3776
35568982 3777
35571557 3778
35574230 3779
35582226 3780
35583072 3781
35583081 3782
35586029 3783
35587603 3784
35588128 3785
35589976 3786
35591572 3787
35592449 3788
35594325 3789
35597555 3790
35599103 3791
35603695 3792
35604854 3793
35611284 3794
35615688 3795
35617172 3796
35620437 3797
35622826 3798
35624664 3799
35626301 3800
35627597 3801
35628417 3802
35629828 3803
35632050 3804
35635633 3805
35639077 3806
35639724 3807
35640412 3808
35641357 3809
35643313 3810
35645369 3811
35649393 3812
35650319 3813
35653999 3814
35658880 3815
35659710 3816
35662217 3817
35663839 3818
35667701 3819
35669047 3820
35672274 3821
35674173 3822
35674423 3823
35678122 3824
35679182 3825
35684585 3826
35699004 3827
35701189 3828
35701394 3829
35701751 3830
35707520 3831
35711788 3832
35712834 3833
35713463 3834
35714989 3835
35716371 3836
35717789 3837
35721821 3838
35725386 3839
35726694 3840
35728114 3841
35733506 3842
35734244 3843
35734456 3844
35734662 3845
35735167 3846
35739217 3847
35749519 3848
35764303 3849
35766385 3850
35767244 3851
35770789 3852
35773754 3853
35774015 3854
35775632 3855
35775935 3856
35785251 3857
35788139 3858
35788672 3859
35791320 3860
35792988 3861
35796868 3862
35801257 3863
35801373 3864
35801885 3865
35801912 3866
35802111 3867
35805809 3868
35805866 3869
35807970 3870
35808486 3871
35808710 3872
35810383 3873
35810394 3874
35814522 3875
35814758 3876
35819981 3877
35821893 3878
35823558 3879
35825986 3880
35827650 3881
35828244 3882
35834205 3883
35834628 3884
35841377 3885
35847398 3886
35847996 3887
35850476 3888
35852167 3889
35852344 3890
35853927 3891
35854071 3892
3585483 3893
35855430 3894
35855909 3895
35857306 3896
35860116 3897
35860591 3898
35862333 3899
35867260 3900
35869816 3901
35871130 3902
35871712 3903
35885675 3904
35886291 3905
35886538 3906
35889369 3907
35896390 3908
35899654 3909
35899907 3910
35903886 3911
35903992 3912
35904542 3913
35906684 3914
35913038 3915
35913489 3916
35914916 3917
35915563 3918
35919711 3919
35921531 3920
35924924 3921
35928524 3922
35928784 3923
35929038 3924
35931873 3925
35932784 3926
35935555 3927
35940610 3928
35945438 3929
35945993 3930
35946413 3931
35947936 3932
35949715 3933
35950959 3934
35951424 3935
35952082 3936
35958002 3937
35958037 3938
35958702 3939
35963484 3940
35964060 3941
35970618 3942
35975304 3943
35985390 3944
35986056 3945
35991325 3946
35994360 3947
35999881 3948
36000454 3949
36005386 3950
36006931 3951
36008832 3952
36009590 3953
36010545 3954
36010714 3955
36014119 3956
36015775 3957
36019071 3958
36019983 3959
36022405 3960
36023127 3961
36033413 3962
36040138 3963
36044785 3964
36046236 3965
36046673 3966
36047547 3967
36047922 3968
36048120 3969
36049613 3970
36052463 3971
36054444 3972
36055164 3973
36056725 3974
36058281 3975
36058802 3976
36061000 3977
36061200 3978
36067460 3979
36068840 3980
36069434 3981
36072215 3982
36075697 3983
36076289 3984
36080897 3985
36081091 3986
36081678 3987
36082259 3988
36085739 3989
36089227 3990
36091689 3991
36099044 3992
36104487 3993
36105646 3994
36105924 3995
36105982 3996
36106621 3997
36108334 3998
36108879 3999
36113706 4000
36114620 4001
36115357 4002
36116614 4003
36117274 4004
36123485 4005
36124852 4006
36129138 4007
36135385 4008
36136835 4009
36137593 4010
36140989 4011
36146067 4012
36151335 4013
36151506 4014
36152465 4015
36152977 4016
36153193 4017
36157470 4018
36158900 4019
36160401 4020
36165149 4021
36165910 4022
36166169 4023
36171465 4024
36171989 4025
36177496 4026
36178375 4027
36179597 4028
3618046 4029
36183459 4030
36183473 4031
36184442 4032
36187649 4033
36187833 4034
36190652 4035
36195664 4036
36195933 4037
36198084 4038
36198995 4039
36203861 4040
36205145 4041
36209635 4042
36215417 4043
36216794 4044
36217754 4045
36220744 4046
36220823 4047
36222344 4048
36225798 4049
36226706 4050
36228264 4051
36228781 4052
36231325 4053
36234610 4054
36240186 4055
36240229 4056
36244612 4057
36246073 4058
36246614 4059
36248124 4060
36248576 4061
36251135 4062
36251156 4063
36255051 4064
36257525 4065
36263964 4066
36265488 4067
36266340 4068
36268732 4069
36269592 4070
36273852 4071
36279876 4072
36281374 4073
36296975 4074
36297131 4075
36300516 4076
3630195 4077
36302192 4078
36302877 4079
36320219 4080
36322410 4081
36322620 4082
36325489 4083
36328006 4084
36335294 4085
36336088 4086
36340608 4087
36348981 4088
36365740 4089
36372742 4090
36372915 4091
36376969 4092
36378616 4093
36381882 4094
36382080 4095
36384211 4096
36394342 4097
36394343 4098
36394640 4099
36397476 4100
36397737 4101
36397935 4102
36398119 4103
36399985 4104
36400141 4105
36400212 4106
36401239 4107
36401508 4108
36401867 4109
36409467 4110
36409792 4111
36423083 4112
36423509 4113
36426475 4114
36434123 4115
36439469 4116
36443192 4117
36443857 4118
36446464 4119
36448124 4120
36448619 4121
36452509 4122
36453155 4123
36457107 4124
36457847 4125
36464888 4126
36465015 4127
36472397 4128
36473067 4129
36473657 4130
36474822 4131
36476242 4132
36476343 4133
36480151 4134
36490292 4135
36496453 4136
36497732 4137
36502184 4138
36510196 4139
36511599 4140
36512959 4141
36513794 4142
36517740 4143
36521621 4144
3652288 4145
36523725 4146
36524197 4147
36524624 4148
36525160 4149
36526509 4150
36529175 4151
36535662 4152
36535950 4153
36536635 4154
36543550 4155
36546810 4156
36547590 4157
36554514 4158
36556954 4159
36559131 4160
36560458 4161
36561788 4162
36561946 4163
36564513 4164
36567063 4165
36577891 4166
36580661 4167
36580923 4168
36583950 4169
36585696 4170
36586397 4171
36588699 4172
36593784 4173
36594848 4174
36595739 4175
36602517 4176
36606469 4177
36613998 4178
36615298 4179
36619109 4180
36620596 4181
36622483 4182
36623230 4183
36625447 4184
36628108 4185
36632701 4186
36633616 4187
36637921 4188
36639303 4189
36640855 4190
36647524 4191
36649439 4192
36650101 4193
36651054 4194
36653641 4195
36653837 4196
36655391 4197
36655814 4198
36656166 4199
36657833 4200
36658369 4201
36660566 4202
36660873 4203
36661647 4204
36664020 4205
36665011 4206
36665389 4207
36669512 4208
36670846 4209
3667244 4210
36672500 4211
36675522 4212
36675533 4213
36679142 4214
36679182 4215
36679904 4216
36680932 4217
36688909 4218
36692899 4219
36693618 4220
36695312 4221
36695758 4222
36696386 4223
36696621 4224
36700444 4225
36702325 4226
36711647 4227
36725238 4228
36725490 4229
36726416 4230
36726757 4231
36729692 4232
36731957 4233
36732024 4234
36737068 4235
36739587 4236
36742089 4237
36742278 4238
36744999 4239
36745613 4240
36748634 4241
36755009 4242
36755176 4243
36755297 4244
36756705 4245
36757025 4246
36757753 4247
36762127 4248
36767199 4249
36767266 4250
36768993 4251
36771347 4252
36771876 4253
36772297 4254
36772397 4255
36773044 4256
36773175 4257
36774194 4258
36776642 4259
36778266 4260
36780130 4261
36780208 4262
36781743 4263
36781894 4264
36781963 4265
3678526 4266
36792383 4267
36793184 4268
36793726 4269
36794879 4270
36796934 4271
36798435 4272
36798908 4273
36810258 4274
36811132 4275
36816645 4276
36820769 4277
36821081 4278
36823003 4279
36823530 4280
36826529 4281
36827920 4282
36828352 4283
36830679 4284
36831681 4285
36834282 4286
36834708 4287
36835001 4288
36838345 4289
36838806 4290
36840191 4291
36845194 4292
36845210 4293
36850476 4294
36854328 4295
36854975 4296
36861772 4297
36862002 4298
36864695 4299
36867067 4300
36875445 4301
3688059 4302
36883559 4303
36894119 4304
36894762 4305
36895512 4306
36895914 4307
36896762 4308
3689742 4309
36899152 4310
36899554 4311
36900381 4312
36903695 4313
36905384 4314
36909636 4315
36913738 4316
36920881 4317
36922789 4318
3692291 4319
36923576 4320
36926389 4321
36928467 4322
36931986 4323
36933736 4324
36936393 4325
36937199 4326
36938975 4327
36940660 4328
36945064 4329
36946003 4330
36946237 4331
36946239 4332
36947208 4333
36947390 4334
36948635 4335
36948897 4336
36950592 4337
36951689 4338
369520 4339
36954085 4340
36955118 4341
36955249 4342
36958392 4343
36964891 4344
36964911 4345
36967790 4346
36968020 4347
36968933 4348
36970056 4349
36971465 4350
36973537 4351
36973951 4352
36979086 4353
36980547 4354
36986814 4355
36987385 4356
3698743 4357
36987947 4358
36988328 4359
36988426 4360
36998213 4361
3699865 4362
36998922 4363
36999165 4364
37004178 4365
37004935 4366
37005204 4367
37006138 4368
37006204 4369
37015853 4370
37016956 4371
37018043 4372
37020262 4373
37021564 4374
37023521 4375
37023752 4376
37029087 4377
37032463 4378
37034308 4379
37040844 4380
37041967 4381
37042238 4382
37042415 4383
37042547 4384
37043755 4385
37045346 4386
37048282 4387
37053702 4388
37056601 4389
37060729 4390
37062293 4391
37063536 4392
37063966 4393
37066965 4394
37071087 4395
37071469 4396
37080418 4397
37084248 4398
37088248 4399
37089641 4400
37089738 4401
37090001 4402
37090401 4403
37090866 4404
37092769 4405
37094235 4406
37094352 4407
37099179 4408
37101152 4409
37102808 4410
37107436 4411
37118377 4412
37120822 4413
37121210 4414
37121742 4415
37124229 4416
37125464 4417
37132577 4418
37133910 4419
37133963 4420
37134817 4421
37138675 4422
37139797 4423
37140742 4424
37143757 4425
37145180 4426
37146483 4427
37149221 4428
37149405 4429
37153160 4430
37154450 4431
37158617 4432
37159927 4433
3716027 4434
37161341 4435
37162337 4436
37162760 4437
37164569 4438
37164862 4439
37166802 4440
37166911 4441
37175456 4442
37175948 4443
37176266 4444
37177730 4445
37178512 4446
37182640 4447
37183117 4448
37183806 4449
37184616 4450
37187398 4451
37187482 4452
37188536 4453
37188625 4454
37189661 4455
37190062 4456
37200811 4457
37202398 4458
37206278 4459
37207194 4460
37207455 4461
37208104 4462
37208655 4463
37213865 4464
37217935 4465
37218372 4466
37219183 4467
37222753 4468
37227436 4469
37231953 4470
37233425 4471
37234051 4472
37234333 4473
37234700 4474
37239541 4475
37239933 4476
37246509 4477
37250990 4478
37252709 4479
37253050 4480
37253219 4481
37253373 4482
37253397 4483
37253851 4484
37257103 4485
37258878 4486
37262762 4487
37265653 4488
37265894 4489
37266281 4490
37268111 4491
37269337 4492
37270554 4493
37270668 4494
37271576 4495
37274494 4496
37280689 4497
37282664 4498
37284846 4499
37285014 4500
37285263 4501
37286416 4502
37287495 4503
37288021 4504
37289271 4505
37292582 4506
37293136 4507
37295511 4508
37295653 4509
37295900 4510
37298638 4511
37302303 4512
37302959 4513
37303195 4514
37305530 4515
37306420 4516
37307024 4517
37311316 4518
37311856 4519
37314965 4520
37316627 4521
37321360 4522
37321802 4523
37326210 4524
37327513 4525
37331373 4526
37331900 4527
37332823 4528
37333330 4529
37337591 4530
37337852 4531
37341634 4532
37344199 4533
37347962 4534
37351289 4535
37353680 4536
37354245 4537
37357315 4538
37357613 4539
37359928 4540
37366489 4541
37366928 4542
37367465 4543
37367922 4544
37370607 4545
37371182 4546
37371487 4547
37372311 4548
37374044 4549
37374133 4550
37377636 4551
37379972 4552
37380229 4553
37381570 4554
37384086 4555
37385660 4556
37387255 4557
37390217 4558
37395489 4559
37399264 4560
37399768 4561
37400536 4562
37401993 4563
37402785 4564
37404484 4565
37406013 4566
37406619 4567
37406723 4568
3740845 4569
37409208 4570
37410152 4571
37411323 4572
37412418 4573
37413028 4574
37413875 4575
37415057 4576
37417406 4577
37417543 4578
37418003 4579
37418024 4580
37418902 4581
37419077 4582
37421424 4583
37424815 4584
37426559 4585
37427243 4586
37427446 4587
37427986 4588
37428397 4589
37429233 4590
37435743 4591
37437627 4592
37438918 4593
37440564 4594
37441470 4595
37443184 4596
37444868 4597
37445051 4598
37445621 4599
37453485 4600
37453843 4601
37453847 4602
37455269 4603
37456790 4604
37457553 4605
37459017 4606
37468629 4607
37469259 4608
37472503 4609
37473585 4610
37475633 4611
37476720 4612
37478514 4613
37480054 4614
37482249 4615
37482634 4616
37483064 4617
37484538 4618
37485743 4619
37485788 4620
37486433 4621
37486918 4622
37489440 4623
37490621 4624
37491894 4625
37493998 4626
37494747 4627
37494908 4628
37496323 4629
3750000 4630
37500607 4631
37501202 4632
37506795 4633
37512175 4634
37513607 4635
37514604 4636
37514865 4637
3751739 4638
37524226 4639
37526401 4640
37531558 4641
37531736 4642
37533697 4643
37534824 4644
37542500 4645
37543775 4646
37546029 4647
37549122 4648
37549349 4649
37553099 4650
37555041 4651
37555226 4652
37557518 4653
37558085 4654
37561723 4655
37564954 4656
37568718 4657
37572686 4658
37575730 4659
37576158 4660
37576684 4661
37577033 4662
37578838 4663
37582550 4664
37591092 4665
37594052 4666
37594606 4667
37596622 4668
37598909 4669
37599208 4670
37600932 4671
37602201 4672
37605617 4673
37606567 4674
37608092 4675
37609716 4676
37610086 4677
37611290 4678
37612126 4679
37612655 4680
37612689 4681
37613819 4682
37618122 4683
37619742 4684
37619953 4685
37620226 4686
37621746 4687
37623523 4688
37623685 4689
37624438 4690
37624965 4691
37625266 4692
37626023 4693
37626328 4694
37626561 4695
37627391 4696
37627832 4697
37630163 4698
37630831 4699
37634023 4700
37634322 4701
37636450 4702
37641394 4703
37641767 4704
37643219 4705
37643367 4706
37649190 4707
37651260 4708
37652795 4709
37657632 4710
37657985 4711
37658521 4712
37659436 4713
37660609 4714
37669131 4715
37669440 4716
37674603 4717
37674801 4718
37676223 4719
37678493 4720
37678777 4721
37680701 4722
37683886 4723
37685473 4724
37687607 4725
37688422 4726
37695875 4727
37697158 4728
37700137 4729
37706229 4730
37707301 4731
37708255 4732
37709651 4733
37712278 4734
37712993 4735
37713265 4736
3771373 4737
37713755 4738
37716262 4739
37717982 4740
37718320 4741
37722476 4742
37722919 4743
37723553 4744
37732310 4745
37733274 4746
37738413 4747
3774004 4748
37748540 4749
37751069 4750
37756093 4751
37761208 4752
37767032 4753
37768295 4754
37768386 4755
37770127 4756
37774144 4757
37777976 4758
37778795 4759
37779460 4760
37785012 4761
37787820 4762
37788382 4763
37791513 4764
37792022 4765
37792077 4766
37794398 4767
37794920 4768
37798184 4769
37800223 4770
37801520 4771
37802185 4772
37803613 4773
37808552 4774
37819156 4775
37819284 4776
37819975 4777
37823674 4778
37824799 4779
37826433 4780
37828704 4781
37829144 4782
37830030 4783
37830147 4784
37831389 4785
37831828 4786
37833869 4787
37834147 4788
37835579 4789
37838951 4790
37839842 4791
37840256 4792
37841276 4793
37842296 4794
37842664 4795
37843106 4796
37847154 4797
37848512 4798
37849386 4799
37849481 4800
37853315 4801
37854616 4802
37856423 4803
37858398 4804
37870802 4805
37871222 4806
37871705 4807
37872564 4808
37874123 4809
37877011 4810
37878011 4811
37878333 4812
3787944 4813
37881833 4814
37881980 4815
37883267 4816
37883880 4817
37884943 4818
37885037 4819
37887064 4820
37887103 4821
37889139 4822
37890390 4823
37891496 4824
37893178 4825
37894573 4826
37895200 4827
37900986 4828
37901043 4829
37902765 4830
37903187 4831
37905441 4832
37906710 4833
37911797 4834
37913742 4835
37914452 4836
37915299 4837
37918963 4838
37921221 4839
3792175 4840
37922025 4841
37927482 4842
37928131 4843
37929805 4844
37931157 4845
37933125 4846
37933968 4847
37934304 4848
37938361 4849
37940284 4850
37946135 4851
37946241 4852
37946492 4853
37947614 4854
37947793 4855
37948829 4856
37949703 4857
37951156 4858
37951506 4859
37951595 4860
37954569 4861
37956636 4862
37958099 4863
37958858 4864
37959195 4865
37959534 4866
37960455 4867
37961324 4868
37964979 4869
3796591 4870
37971015 4871
37973579 4872
37982373 4873
37983174 4874
37983223 4875
37986746 4876
37987891 4877
37993150 4878
37993242 4879
37994217 4880
37996685 4881
37996840 4882
37998006 4883
37998819 4884
37999186 4885
38000864 4886
38002746 4887
38004138 4888
38004805 4889
38005401 4890
38005428 4891
38006569 4892
38006632 4893
38006726 4894
38007249 4895
38007395 4896
38011073 4897
38011305 4898
38012566 4899
38014704 4900
38016910 4901
38017348 4902
38017779 4903
38019629 4904
38021511 4905
38021592 4906
38022144 4907
38023079 4908
38023283 4909
38023595 4910
38023861 4911
38026857 4912
38027010 4913
38030646 4914
38033009 4915
38033391 4916
38037090 4917
38037654 4918
38038591 4919
38044041 4920
38045207 4921
38046298 4922
38047755 4923
38050272 4924
38051559 4925
38052357 4926
38052938 4927
38053766 4928
38053875 4929
38054599 4930
38054665 4931
38054917 4932
38055103 4933
38055365 4934
38055378 4935
38056173 4936
38061871 4937
38062439 4938
38063292 4939
38063744 4940
38064166 4941
38064215 4942
38066457 4943
38069041 4944
38070222 4945
38071622 4946
38072145 4947
38074153 4948
38074933 4949
38077163 4950
38077527 4951
38083476 4952
38086136 4953
38086655 4954
38089686 4955
38089912 4956
38090263 4957
38090822 4958
38091632 4959
38091913 4960
38092663 4961
38093011 4962
38103639 4963
3810393 4964
38106858 4965
38109245 4966
38112660 4967
38112746 4968
38113130 4969
38114815 4970
38117171 4971
38117783 4972
38119617 4973
38127968 4974
38129246 4975
38132626 4976
38132724 4977
38135213 4978
38137755 4979
38138045 4980
38138287 4981
38138941 4982
38139175 4983
38142019 4984
38142981 4985
38143437 4986
38143703 4987
38145337 4988
38148668 4989
38149424 4990
3815182 4991
38156037 4992
38156137 4993
38162779 4994
38162834 4995
3816897 4996
38170978 4997
38174593 4998
38175292 4999
38176200 5000
3817829 5001
38178984 5002
38187879 5003
38188033 5004
3818869 5005
38188954 5006
38189278 5007
38189384 5008
38190113 5009
38191754 5010
38192603 5011
38193000 5012
38193277 5013
38193324 5014
38194665 5015
38198237 5016
38198495 5017
38202683 5018
38208808 5019
38209338 5020
38212142 5021
38212170 5022
38212400 5023
38212800 5024
38213503 5025
38213704 5026
38214252 5027
38215208 5028
38217116 5029
38217538 5030
38218395 5031
38219430 5032
38223498 5033
38224426 5034
38225049 5035
38232388 5036
38234677 5037
38236876 5038
38236925 5039
38237500 5040
38237695 5041
38238010 5042
38238458 5043
38239480 5044
38242849 5045
38243329 5046
38243694 5047
38249632 5048
38250193 5049
38251412 5050
38253036 5051
38254615 5052
38254761 5053
38256114 5054
38264323 5055
38264753 5056
38267108 5057
38268426 5058
38269794 5059
38271118 5060
38271185 5061
38273362 5062
38275018 5063
38275228 5064
38276761 5065
38280125 5066
38281299 5067
38283360 5068
38284265 5069
38284717 5070
38285381 5071
38285580 5072
38289471 5073
38290456 5074
38290734 5075
38291163 5076
38292025 5077
38293381 5078
38293749 5079
38294283 5080
38295456 5081
38295850 5082
38296156 5083
38296587 5084
38297197 5085
38299181 5086
38300980 5087
38303067 5088
38303888 5089
38304154 5090
38306264 5091
38306486 5092
38306915 5093
38307146 5094
38307344 5095
38308401 5096
38310225 5097
38310577 5098
38310975 5099
38313760 5100
38315581 5101
38316193 5102
38319063 5103
38319565 5104
38321123 5105
38329524 5106
38333864 5107
38334934 5108
38335507 5109
38336934 5110
38338124 5111
38340315 5112
38345022 5113
38345667 5114
38347418 5115
38347928 5116
38348790 5117
38352110 5118
38358620 5119
38363607 5120
38364086 5121
38365009 5122
38365378 5123
38366187 5124
38367998 5125
38368090 5126
38369048 5127
38369855 5128
38372081 5129
38373383 5130
38376442 5131
38378728 5132
38381043 5133
38383463 5134
38384076 5135
38384250 5136
3838499 5137
38386767 5138
38387082 5139
38391195 5140
38392332 5141
38395566 5142
38396350 5143
38401577 5144
38402009 5145
38403232 5146
38405851 5147
38407260 5148
38408267 5149
38408562 5150
38410278 5151
38415891 5152
38416334 5153
38418762 5154
38421671 5155
38422765 5156
38428391 5157
38429622 5158
38432299 5159
38434772 5160
38437655 5161
38439729 5162
38440025 5163
38444160 5164
38444164 5165
38445979 5166
38448085 5167
38448235 5168
38450407 5169
38450800 5170
38450981 5171
38451588 5172
38451617 5173
38451880 5174
38452016 5175
38453113 5176
38454878 5177
38455996 5178
38458356 5179
38459318 5180
38459949 5181
38461275 5182
38461277 5183
38461581 5184
38463026 5185
38463555 5186
38465209 5187
38466535 5188
38467265 5189
38473296 5190
38473610 5191
38473828 5192
38473999 5193
38474135 5194
38475392 5195
38475867 5196
38476375 5197
38477238 5198
38483295 5199
38483885 5200
38487229 5201
38487240 5202
38487255 5203
38487284 5204
38487593 5205
38490759 5206
38491246 5207
38494045 5208
38498828 5209
38500178 5210
38500438 5211
38502639 5212
38503016 5213
38503739 5214
38506646 5215
38507999 5216
38511274 5217
38512403 5218
38512785 5219
38517544 5220
38517579 5221
38518117 5222
38519994 5223
38520870 5224
38523481 5225
38523774 5226
38525257 5227
38525318 5228
38525976 5229
38528016 5230
38529160 5231
38530143 5232
38531987 5233
38532159 5234
38532359 5235
38534443 5236
38534650 5237
38535427 5238
38535625 5239
38535728 5240
38537255 5241
38537445 5242
38538292 5243
38540843 5244
38542307 5245
38544096 5246
38544451 5247
38544576 5248
38544745 5249
38544956 5250
38546619 5251
38547987 5252
38547999 5253
38548713 5254
38549739 5255
38550353 5256
38550590 5257
38551357 5258
38553850 5259
38556288 5260
38556402 5261
38556479 5262
38558314 5263
38558869 5264
38561681 5265
38563891 5266
38567718 5267
38568878 5268
38569414 5269
38569826 5270
38571316 5271
38574496 5272
38576167 5273
38577402 5274
38578177 5275
38578704 5276
38578955 5277
38579421 5278
38583161 5279
38585268 5280
38586017 5281
38588037 5282
38590120 5283
38590778 5284
38591574 5285
38591957 5286
38593172 5287
38594550 5288
38595216 5289
38595616 5290
38595869 5291
38596580 5292
38596928 5293
38597281 5294
38598103 5295
38600512 5296
38601677 5297
3860242 5298
38602464 5299
38603598 5300
38607288 5301
38607353 5302
38607525 5303
38608613 5304
38608702 5305
38609794 5306
38609929 5307
38612957 5308
38614682 5309
38614919 5310
38615103 5311
38616005 5312
38616055 5313
38617320 5314
38620065 5315
38625179 5316
38626901 5317
38627295 5318
38627364 5319
38627741 5320
38627950 5321
38628483 5322
38628635 5323
38629938 5324
38632902 5325
38633923 5326
38634822 5327
38635398 5328
38638397 5329
38641011 5330
38641461 5331
38643476 5332
38644085 5333
38645363 5334
38646407 5335
38646847 5336
38650121 5337
38650164 5338
38650275 5339
38653162 5340
38653487 5341
38655000 5342
38655583 5343
38655876 5344
38656966 5345
38657271 5346
38657575 5347
38657700 5348
38661016 5349
38662994 5350
38663617 5351
38664702 5352
38665306 5353
38666432 5354
38667053 5355
38668899 5356
38671319 5357
38673492 5358
38674360 5359
38675104 5360
38675168 5361
38677574 5362
38677962 5363
38678132 5364
38680989 5365
38682091 5366
38682288 5367
38685422 5368
38685859 5369
38686930 5370
38688660 5371
38688866 5372
38692386 5373
38694881 5374
38697142 5375
38697596 5376
38698778 5377
38699225 5378
38700963 5379
38700976 5380
38706093 5381
38708108 5382
38713035 5383
38715288 5384
38718626 5385
38721989 5386
38722036 5387
38722956 5388
38723234 5389
38729529 5390
38730064 5391
38733929 5392
38734821 5393
38736449 5394
38736454 5395
38737695 5396
38742252 5397
38744768 5398
38745718 5399
38746113 5400
38746138 5401
38748483 5402
38749604 5403
38749760 5404
38750834 5405
38753501 5406
38753973 5407
38754318 5408
38754365 5409
38754469 5410
38754615 5411
38755779 5412
38757614 5413
38761253 5414
38763267 5415
38764730 5416
38765469 5417
38766153 5418
38768850 5419
38769219 5420
38769543 5421
38772377 5422
38773531 5423
38774703 5424
38774760 5425
38774825 5426
38775012 5427
38777078 5428
38779035 5429
38779762 5430
38780087 5431
38781000 5432
38782584 5433
38789477 5434
38789565 5435
38791466 5436
38791609 5437
38792491 5438
38794982 5439
38795649 5440
38796744 5441
38799191 5442
38800159 5443
38803709 5444
38804331 5445
38804509 5446
38804597 5447
38804678 5448
38805876 5449
38806316 5450
38810063 5451
38810406 5452
38810424 5453
38811856 5454
38811979 5455
38812059 5456
38812574 5457
38813509 5458
38813821 5459
38814161 5460
38814935 5461
38815639 5462
38816381 5463
38817096 5464
38817320 5465
38818882 5466
38819032 5467
38822468 5468
38823347 5469
38828593 5470
38828876 5471
38829579 5472
38830094 5473
38830456 5474
38831528 5475
38831696 5476
38832222 5477
38834638 5478
38835000 5479
38835140 5480
38835513 5481
38835739 5482
38836549 5483
38837994 5484
38839481 5485
38842008 5486
38844438 5487
38845901 5488
38848743 5489
38850717 5490
38851483 5491
38852962 5492
38853280 5493
38855173 5494
38856041 5495
38857606 5496
38857902 5497
38859376 5498
3886042 5499
38860468 5500
38862796 5501
38863712 5502
38864690 5503
38871697 5504
38872544 5505
38874100 5506
38875443 5507
38875569 5508
38877308 5509
38878747 5510
38878806 5511
38880203 5512
38882703 5513
38883124 5514
38884670 5515
38886450 5516
38887090 5517
38887645 5518
38888705 5519
38888916 5520
38890342 5521
38892191 5522
38895306 5523
38896398 5524
38896817 5525
38898660 5526
3889994 5527
38900946 5528
38901223 5529
38902986 5530
38904311 5531
38904763 5532
38907770 5533
38910288 5534
38910339 5535
38911832 5536
38911885 5537
38912182 5538
38912858 5539
38916052 5540
38919410 5541
38922959 5542
38923658 5543
38926167 5544
38928165 5545
38929462 5546
38929533 5547
38929642 5548
38929783 5549
38932031 5550
38933111 5551
38934219 5552
38935818 5553
38937662 5554
38937718 5555
38940169 5556
38940365 5557
38940760 5558
38940764 5559
38941441 5560
38941877 5561
38942959 5562
38943151 5563
38943595 5564
38945928 5565
38945956 5566
38946557 5567
38948134 5568
38948391 5569
38951916 5570
38954573 5571
38956327 5572
38960051 5573
38960103 5574
38960822 5575
38962315 5576
38964708 5577
38965662 5578
38966177 5579
38967047 5580
38967425 5581
38968026 5582
38968758 5583
38969468 5584
38969868 5585
38971548 5586
38972019 5587
38973802 5588
38973996 5589
38974057 5590
38975097 5591
38975723 5592
38977771 5593
38980225 5594
38982332 5595
38983191 5596
38984318 5597
38984782 5598
38984819 5599
38985820 5600
38987311 5601
38987457 5602
38988509 5603
38990028 5604
38990409 5605
38991726 5606
38992917 5607
38994124 5608
38995287 5609
38995578 5610
38997736 5611
38997821 5612
39000013 5613
39000844 5614
39001038 5615
39001363 5616
39005337 5617
39005685 5618
39009690 5619
39014147 5620
39015903 5621
39016245 5622
39016566 5623
39016764 5624
39017914 5625
39019098 5626
39021308 5627
39023418 5628
39023475 5629
39025412 5630
39028857 5631
39029657 5632
39030721 5633
39031230 5634
39032088 5635
39033507 5636
39033886 5637
39034372 5638
39034420 5639
39036929 5640
3903814 5641
39040027 5642
39040178 5643
39040906 5644
39041410 5645
39044315 5646
39045780 5647
3904681 5648
39046934 5649
39049664 5650
39053212 5651
39054408 5652
3905462 5653
39054714 5654
39056499 5655
39056872 5656
39057677 5657
39057833 5658
39058825 5659
39061592 5660
39062099 5661
39062596 5662
39062696 5663
39062738 5664
39063474 5665
39063618 5666
39064483 5667
39069108 5668
39069637 5669
39069730 5670
39071235 5671
39072310 5672
39072606 5673
39072991 5674
39074087 5675
39074280 5676
39075052 5677
39076868 5678
39076984 5679
39077040 5680
39077606 5681
39077834 5682
39078339 5683
39078535 5684
39080543 5685
39081095 5686
39081544 5687
39081686 5688
39083330 5689
39083467 5690
39083807 5691
39083985 5692
39085235 5693
39085912 5694
39086261 5695
39088508 5696
39089035 5697
39089286 5698
39090961 5699
39094755 5700
39096024 5701
39097012 5702
39097437 5703
39098551 5704
39099409 5705
39100807 5706
39105906 5707
39106693 5708
39106763 5709
39107549 5710
39107678 5711
39108459 5712
39108924 5713
39109145 5714
39109914 5715
39112617 5716
39113177 5717
39113462 5718
39115607 5719
39115797 5720
39116348 5721
39116899 5722
39117150 5723
39117314 5724
39120683 5725
39121410 5726
39121427 5727
39123522 5728
39124569 5729
39125977 5730
39126205 5731
39126981 5732
39127890 5733
39128470 5734
39130140 5735
39131293 5736
39131672 5737
39133556 5738
39133582 5739
39133882 5740
39133928 5741
39137855 5742
39137881 5743
39138732 5744
39138829 5745
39139023 5746
39140950 5747
39141196 5748
39141287 5749
39141547 5750
39141567 5751
39142254 5752
39142453 5753
39142510 5754
39144167 5755
39144427 5756
39144720 5757
39145206 5758
39145486 5759
39145720 5760
39146467 5761
39146554 5762
39146827 5763
39146907 5764
39147513 5765
39148134 5766
39148536 5767
39148867 5768
39149061 5769
39149183 5770
39151848 5771
39151929 5772
39153012 5773
39153855 5774
39155488 5775
39158065 5776
39158171 5777
39158245 5778
39158495 5779
39159691 5780
39159940 5781
39159974 5782
39159986 5783
39162080 5784
39162676 5785
39163398 5786
39165683 5787
39166296 5788
39168430 5789
39168900 5790
39170577 5791
39172292 5792
39172704 5793
39174096 5794
39174685 5795
39176883 5796
39176885 5797
39180122 5798
39183714 5799
39184153 5800
39184820 5801
39185650 5802
39186427 5803
39187070 5804
39187350 5805
39188752 5806
39189106 5807
39189691 5808
39192070 5809
39192610 5810
39193257 5811
39193538 5812
39193817 5813
39199793 5814
39200371 5815
39201795 5816
39203646 5817
39204236 5818
39205574 5819
39205585 5820
39205613 5821
39207316 5822
39207467 5823
39208199 5824
39208885 5825
39213010 5826
39213040 5827
39213329 5828
39213441 5829
39214242 5830
39218646 5831
39219829 5832
39220531 5833
39222059 5834
39222505 5835
39223116 5836
39223947 5837
39224173 5838
39224969 5839
39226257 5840
39227529 5841
39229123 5842
39229215 5843
39231199 5844
39231767 5845
39232147 5846
39232374 5847
39232696 5848
39233589 5849
39234185 5850
39234325 5851
39235152 5852
39236342 5853
39238112 5854
39242979 5855
39244384 5856
39245179 5857
39247353 5858
39249388 5859
39249930 5860
39251768 5861
39252306 5862
39255944 5863
39255952 5864
39258524 5865
39258654 5866
39258944 5867
39259083 5868
39259472 5869
39259539 5870
39259774 5871
39260191 5872
39260605 5873
39261278 5874
39262198 5875
39262355 5876
39263533 5877
39264115 5878
39265759 5879
39266417 5880
39268623 5881
39270268 5882
39270302 5883
39270416 5884
39270737 5885
39270911 5886
39272576 5887
39272714 5888
39273093 5889
39273266 5890
39273340 5891
39273900 5892
39274239 5893
39276317 5894
39276683 5895
39278694 5896
39279065 5897
39279729 5898
39280588 5899
39281802 5900
39282997 5901
39283448 5902
39283663 5903
39284274 5904
39285683 5905
39285974 5906
39286445 5907
39286634 5908
39287166 5909
39287461 5910
39288225 5911
39289200 5912
39289491 5913
39289586 5914
39289773 5915
39290043 5916
39290332 5917
39290545 5918
39290651 5919
39291445 5920
39291889 5921
39292167 5922
39292168 5923
39292404 5924
39293551 5925
39293965 5926
39294118 5927
39295533 5928
39295956 5929
39296892 5930
39296898 5931
39297520 5932
39298416 5933
39298496 5934
39298920 5935
39300982 5936
39301833 5937
39302870 5938
3930315 5939
39303178 5940
39304048 5941
39305054 5942
39309680 5943
39309988 5944
39312072 5945
39313096 5946
39313202 5947
39314429 5948
39314791 5949
39315254 5950
39315722 5951
39315861 5952
39316219 5953
39317719 5954
39319132 5955
39319849 5956
39320178 5957
39320761 5958
39321223 5959
39321936 5960
39322398 5961
39323104 5962
39323328 5963
39324517 5964
39325368 5965
39325578 5966
39325721 5967
39326468 5968
39326774 5969
39327301 5970
39327779 5971
39327805 5972
39330059 5973
39330828 5974
39331746 5975
39331885 5976
39332198 5977
39333738 5978
39334662 5979
39334776 5980
39334988 5981
39335154 5982
39335811 5983
39338361 5984
39338673 5985
39339786 5986
39342765 5987
39344141 5988
39346074 5989
39346320 5990
39346457 5991
39346643 5992
39347470 5993
39352312 5994
39352741 5995
39354502 5996
39355442 5997
39356101 5998
39356245 5999
39357080 6000
39357438 6001
39357627 6002
39358602 6003
39358619 6004
39360639 6005
39362740 6006
39363148 6007
39366510 6008
39366711 6009
39367016 6010
39367059 6011
39368158 6012
39370935 6013
39371505 6014
39372100 6015
39374407 6016
39377488 6017
39377598 6018
39384193 6019
39385572 6020
39386523 6021
39387289 6022
39389446 6023
39390208 6024
39391328 6025
39391636 6026
39394125 6027
39394924 6028
39395460 6029
39395548 6030
39396129 6031
39396705 6032
39396708 6033
39398100 6034
39400383 6035
39400614 6036
39401280 6037
39401415 6038
39401589 6039
39403958 6040
39404135 6041
39405171 6042
39405775 6043
39406232 6044
39406277 6045
39406476 6046
39407039 6047
39407319 6048
39407716 6049
39408041 6050
39409113 6051
39409480 6052
39410998 6053
39413971 6054
39414176 6055
39414479 6056
39415252 6057
39415367 6058
39415392 6059
39415540 6060
39415933 6061
39416593 6062
39417246 6063
39417323 6064
39418691 6065
39418765 6066
39419425 6067
39420153 6068
39420846 6069
39421105 6070
39421175 6071
39422338 6072
39423241 6073
39426494 6074
39427234 6075
39427238 6076
39427681 6077
39428038 6078
39428892 6079
39429575 6080
39429576 6081
39430333 6082
39430785 6083
39431433 6084
39432656 6085
39432744 6086
39433175 6087
39433414 6088
39434001 6089
39436776 6090
39436934 6091
39437009 6092
39438274 6093
39438354 6094
39438825 6095
39440163 6096
39441740 6097
39442534 6098
39443252 6099
39443382 6100
39443981 6101
39444278 6102
39445107 6103
39445138 6104
39445446 6105
39445505 6106
39445664 6107
39445980 6108
39446033 6109
39446587 6110
39447654 6111
39447931 6112
39448738 6113
39449386 6114
39450202 6115
39450290 6116
39451135 6117
39451717 6118
39452354 6119
39452516 6120
39455765 6121
39456734 6122
39458359 6123
39459477 6124
39459503 6125
39459540 6126
39459671 6127
39459792 6128
39459892 6129
39461986 6130
39462748 6131
39463140 6132
39463931 6133
39464092 6134
39465971 6135
39468123 6136
39468656 6137
39468986 6138
39469132 6139
39469303 6140
39469495 6141
39469534 6142
39469776 6143
39470053 6144
39470335 6145
39470539 6146
39472851 6147
39474553 6148
39474776 6149
39474942 6150
39475605 6151
39476346 6152
39476659 6153
39477275 6154
39477988 6155
39478332 6156
39479254 6157
39480070 6158
39482925 6159
39483407 6160
39484171 6161
39485536 6162
39486211 6163
39486282 6164
39486894 6165
39487527 6166
39487642 6167
39488522 6168
39489636 6169
39490018 6170
39491236 6171
39491264 6172
39492759 6173
39493263 6174
39493788 6175
39493830 6176
39494177 6177
39494354 6178
39494822 6179
39495771 6180
39496151 6181
39496545 6182
39496919 6183
39497679 6184
39498756 6185
39498865 6186
39501139 6187
39501824 6188
3950334 6189
39506856 6190
39508353 6191
39508402 6192
39510389 6193
39511127 6194
39511853 6195
39513164 6196
39514911 6197
39517498 6198
39518734 6199
39519555 6200
39520073 6201
39520412 6202
39520525 6203
39520910 6204
39522245 6205
39522431 6206
39523622 6207
39524636 6208
39525051 6209
39526522 6210
39528720 6211
39531513 6212
39532494 6213
39532599 6214
39533052 6215
39534011 6216
39536950 6217
39539682 6218
39540564 6219
39540819 6220
39541447 6221
39541926 6222
39543374 6223
39545060 6224
39545113 6225
39545396 6226
39546158 6227
39546897 6228
39547290 6229
39547991 6230
39548451 6231
39548580 6232
39548644 6233
39551048 6234
39551623 6235
39552999 6236
39553155 6237
39555316 6238
39555421 6239
39556921 6240
39557097 6241
39557122 6242
39557336 6243
39558620 6244
39558789 6245
39559580 6246
39559784 6247
39561000 6248
39561270 6249
39562192 6250
39562562 6251
39563074 6252
39563643 6253
39564770 6254
39565796 6255
39567738 6256
39568015 6257
39568208 6258
39568446 6259
3956912 6260
39569483 6261
39570381 6262
39570515 6263
39570637 6264
39571451 6265
39571850 6266
39572537 6267
39572548 6268
39573167 6269
39573474 6270
39573745 6271
39573806 6272
39573865 6273
39574771 6274
39575997 6275
39576013 6276
39576552 6277
39576622 6278
39576807 6279
39578211 6280
39578227 6281
39578984 6282
39579017 6283
39580923 6284
39580929 6285
3958100 6286
39581748 6287
39581977 6288
39582119 6289
39583975 6290
39584534 6291
39584732 6292
39584778 6293
39585223 6294
39586411 6295
39587236 6296
39588625 6297
39589338 6298
39589368 6299
39590190 6300
39591799 6301
39591826 6302
39592148 6303
39593783 6304
39595227 6305
39595942 6306
39596378 6307
39596629 6308
39597525 6309
39599796 6310
39600902 6311
39601914 6312
39602446 6313
39603119 6314
39604951 6315
39605552 6316
39605999 6317
39607152 6318
39611563 6319
39611728 6320
39611984 6321
39613445 6322
39613973 6323
39617894 6324
39617901 6325
39618468 6326
39620140 6327
39620284 6328
39622643 6329
39623158 6330
39625582 6331
39625909 6332
39626540 6333
39626754 6334
39627119 6335
39629087 6336
39630293 6337
39631303 6338
39632209 6339
39632810 6340
39634973 6341
39636719 6342
39636925 6343
39640686 6344
39641971 6345
39644031 6346
39645469 6347
39646102 6348
39647370 6349
39647968 6350
39648184 6351
39649813 6352
39651980 6353
39654464 6354
39655056 6355
39656670 6356
39656730 6357
39657502 6358
39659522 6359
39660061 6360
39660423 6361
39660428 6362
39661 6363
39662359 6364
39662724 6365
39664748 6366
39665257 6367
39665627 6368
39665682 6369
39669014 6370
39669138 6371
39671557 6372
39671758 6373
39673777 6374
39674396 6375
39675863 6376
39675993 6377
39679081 6378
39683334 6379
39683573 6380
39684899 6381
39685836 6382
39686053 6383
39689365 6384
39689591 6385
39691454 6386
39691693 6387
39691725 6388
39692724 6389
39693673 6390
39700582 6391
39701095 6392
39701183 6393
39701200 6394
39701888 6395
39705648 6396
39706045 6397
39706287 6398
39707214 6399
39707407 6400
39711420 6401
39713476 6402
39715456 6403
39715471 6404
39718511 6405
39720400 6406
39724531 6407
39725856 6408
39727551 6409
39728477 6410
39729419 6411
39730809 6412
39731870 6413
39731967 6414
39732083 6415
39732812 6416
39733572 6417
39734083 6418
39734888 6419
39735015 6420
39735089 6421
39737051 6422
39738969 6423
39739295 6424
39739646 6425
39741562 6426
39742508 6427
39743730 6428
39744108 6429
39744384 6430
39746580 6431
39747375 6432
39749872 6433
39750408 6434
39754018 6435
39754714 6436
39755962 6437
39756131 6438
39757019 6439
39757075 6440
39758520 6441
39758838 6442
39761411 6443
39764490 6444
39765218 6445
39767049 6446
39767901 6447
39768521 6448
39768874 6449
39770030 6450
39770506 6451
39775692 6452
39781988 6453
39783574 6454
39784134 6455
39784902 6456
39785629 6457
39785732 6458
39787172 6459
39794365 6460
39797809 6461
39799253 6462
39800205 6463
39804666 6464
39807292 6465
39815971 6466
39820034 6467
39820194 6468
39823177 6469
39827424 6470
39828005 6471
39828505 6472
39828973 6473
39829237 6474
39830294 6475
39842978 6476
4004971 6477
4021783 6478
4024982 6479
402716 6480
4033926 6481
4041252 6482
4051291 6483
4061220 6484
4070160 6485
4080387 6486
4110551 6487
4118165 6488
4125734 6489
4128347 6490
4139111 6491
414887 6492
4177531 6493
418088 6494
4182932 6495
4183574 6496
4218829 6497
4231542 6498
4241782 6499
4248058 6500
4255281 6501
4260119 6502
4264615 6503
4299227 6504
4303756 6505
4309775 6506
4327921 6507
4358145 6508
4376808 6509
4377569 6510
4386531 6511
4434481 6512
4434636 6513
4443188 6514
4462233 6515
4480621 6516
4485124 6517
4496255 6518
4499700 6519
4509142 6520
4523448 6521
4542693 6522
4563743 6523
4585916 6524
4586739 6525
4606803 6526
4613486 6527
4619916 6528
4622434 6529
4630745 6530
4635011 6531
4638424 6532
4661078 6533
46776 6534
4703449 6535
4705997 6536
4722886 6537
4725534 6538
4731578 6539
4732970 6540
4741123 6541
4741441 6542
4767051 6543
4770444 6544
4776529 6545
4777422 6546
4778260 6547
4779063 6548
478494 6549
4785304 6550
4801875 6551
4832464 6552
4874719 6553
487805 6554
4884184 6555
4906472 6556
4906737 6557
4926232 6558
4957133 6559
4962654 6560
4975899 6561
5025009 6562
5032113 6563
5037382 6564
5046402 6565
5058926 6566
5081644 6567
50927 6568
5098794 6569
5108573 6570
5112408 6571
511345 6572
5156098 6573
5156599 6574
5194981 6575
5234979 6576
5243211 6577
52587 6578
5260479 6579
5263217 6580
5335665 6581
5337457 6582
534206 6583
5379242 6584
5385018 6585
5406878 6586
5416382 6587
5429996 6588
5447552 6589
5473933 6590
550656 6591
5525951 6592
5532501 6593
5538346 6594
5565415 6595
5572784 6596
5587826 6597
5592028 6598
5606582 6599
5614576 6600
5622854 6601
5639680 6602
5641523 6603
5667720 6604
567332 6605
5674292 6606
5697794 6607
5719779 6608
5720374 6609
5721780 6610
5746330 6611
5766601 6612
5779146 6613
5791811 6614
5796230 6615
5808716 6616
5829792 6617
5840498 6618
5843487 6619
5845863 6620
5878836 6621
5899374 6622
5928176 6623
5968771 6624
5971189 6625
5986145 6626
6008649 6627
6021245 6628
6026378 6629
6030122 6630
6043889 6631
6045397 6632
6069722 6633
6073596 6634
6079388 6635
6086632 6636
609933 6637
6108496 6638
6117110 6639
6123286 6640
6138941 6641
6183197 6642
6193878 6643
6200544 6644
6220301 6645
6223499 6646
6248850 6647
6259929 6648
6282309 6649
6282721 6650
6285705 6651
6287058 6652
6288717 6653
6303181 6654
6325207 6655
6332460 6656
6335400 6657
6338954 6658
6364743 6659
638240 6660
6386046 6661
6393399 6662
6394818 6663
6400495 6664
6416910 6665
6417242 6666
6424560 6667
6438201 6668
6445332 6669
6452982 6670
6458125 6671
6467776 6672
6470859 6673
6479172 6674
6482189 6675
648684 6676
6486988 6677
6491597 6678
6492506 6679
6494495 6680
6510231 6681
6531157 6682
6537795 6683
6541025 6684
6546364 6685
6571725 6686
6572558 6687
6582824 6688
6591061 6689
6638166 6690
6643355 6691
6651033 6692
6679767 6693
6680209 6694
6690055 6695
6703522 6696
6727168 6697
673349 6698
6739702 6699
6753928 6700
6762511 6701
6764022 6702
6770975 6703
6798914 6704
6808544 6705
6813015 6706
6815293 6707
6816725 6708
6854296 6709
6880405 6710
6886524 6711
6891039 6712
6899209 6713
6907797 6714
6908289 6715
6942058 6716
6945785 6717
6948843 6718
6949475 6719
6949636 6720
6962805 6721
6963071 6722
6979099 6723
7015298 6724
7024319 6725
7027222 6726
7038486 6727
7042436 6728
7052909 6729
7062193 6730
7066467 6731
7066547 6732
7086734 6733
7122187 6734
7128094 6735
7132073 6736
7133575 6737
7136997 6738
7143351 6739
7143363 6740
7146904 6741
7150694 6742
7175060 6743
7198362 6744
7201763 6745
7217506 6746
7222595 6747
7234107 6748
7234390 6749
7236398 6750
7248105 6751
7251486 6752
7256895 6753
7265336 6754
7267152 6755
7268130 6756
7273295 6757
7276464 6758
7289486 6759
7291600 6760
7294677 6761
7303128 6762
7310274 6763
7345488 6764
7345595 6765
7349307 6766
7349371 6767
7366834 6768
7391847 6769
7404621 6770
7411076 6771
7413041 6772
7419747 6773
7432563 6774
7433625 6775
7439521 6776
7442328 6777
7448749 6778
7448982 6779
7450058 6780
7464846 6781
7466497 6782
7470255 6783
7476545 6784
7478050 6785
7521375 6786
7541323 6787
7543390 6788
7552347 6789
7553963 6790
7554091 6791
7602088 6792
7608405 6793
7615920 6794
7618118 6795
7642835 6796
7658491 6797
7658675 6798
7679106 6799
7703641 6800
7705795 6801
7711535 6802
7738640 6803
7738802 6804
7748563 6805
7749326 6806
7768421 6807
7798140 6808
7819962 6809
7820871 6810
7822800 6811
7834423 6812
7835022 6813
7839903 6814
7852648 6815
7854818 6816
7859121 6817
7865688 6818
7865759 6819
7866029 6820
7877174 6821
7891511 6822
7918815 6823
7952407 6824
7953659 6825
7994193 6826
8004565 6827
8009370 6828
8039775 6829
8044307 6830
8047402 6831
8047749 6832
8052695 6833
8064120 6834
8074999 6835
8086016 6836
8096146 6837
8096649 6838
8097808 6839
8098525 6840
8100660 6841
8109376 6842
8110496 6843
8111964 6844
8115168 6845
8123420 6846
8133361 6847
8143837 6848
8154455 6849
8160720 6850
8161128 6851
8164842 6852
8166770 6853
8171614 6854
8180528 6855
8182884 6856
8209155 6857
8212961 6858
8226400 6859
8227861 6860
8235658 6861
8247204 6862
8253147 6863
8254956 6864
8275753 6865
8295648 6866
8357753 6867
8367072 6868
8368204 6869
8373290 6870
8375651 6871
8380365 6872
8384825 6873
838875 6874
8389045 6875
842952 6876
8436714 6877
8438782 6878
8452467 6879
8456738 6880
8460074 6881
8468732 6882
8482374 6883
8490913 6884
8494712 6885
8503506 6886
8504240 6887
8511613 6888
8549548 6889
8575365 6890
8592893 6891
8593896 6892
861030 6893
8618810 6894
8624981 6895
8629138 6896
8633325 6897
8636423 6898
8645828 6899
8653438 6900
8654046 6901
8678403 6902
8687252 6903
8703780 6904
8704246 6905
8705185 6906
871129 6907
8713205 6908
8714960 6909
8724735 6910
8743227 6911
87519 6912
8759193 6913
8760567 6914
8777976 6915
8786706 6916
87924 6917
8798271 6918
8817343 6919
8819938 6920
8826396 6921
8842300 6922
8849275 6923
8872174 6924
8874485 6925
8888340 6926
8897614 6927
8909751 6928
8929149 6929
8936268 6930
8953053 6931
8953187 6932
897567 6933
8980160 6934
8984266 6935
8988888 6936
9004477 6937
9010733 6938
9015298 6939
9019290 6940
902007 6941
9054105 6942
9066455 6943
9077019 6944
9143302 6945
9158063 6946
9166112 6947
9177270 6948
9178371 6949
9208767 6950
9215652 6951
9239314 6952
9284415 6953
9303360 6954
9307459 6955
9325387 6956
933184 6957
9372087 6958
9375870 6959
9389671 6960
939784 6961
9398550 6962
9424420 6963
9443893 6964
9454912 6965
9455684 6966
9462487 6967
9464673 6968
9465674 6969
9469180 6970
9491936 6971
9493250 6972
9495157 6973
9497303 6974
9505347 6975
9520702 6976
9531794 6977
9539427 6978
9551699 6979
9581490 6980
9600564 6981
9616609 6982
9626677 6983
9628270 6984
9632708 6985
9655137 6986
965990 6987
9669029 6988
9685813 6989
9685987 6990
9693234 6991
9695934 6992
9708368 6993
9708483 6994
9710445 6995
9720548 6996
9722002 6997
9727054 6998
973594 6999
9757403 7000
9803327 7001
9807175 7002
9834717 7003
9855785 7004
9865650 7005
9866987 7006
9871021 7007
9876523 7008
9904729 7009
9910770 7010
9921207 7011
9932307 7012
9937408 7013
9950780 7014
9953179 7015
9956405 7016
9974036 7017
9989339 7018
